0.0704574 9.99297E-05 9.99297E-05 0.180296 0.0184884 9.99297E-05 0.399455 9.99297E-05 0.0556708 0.021391 0.100076 9.99297E-05 9.99297E-05 9.99297E-05 0.153365 9.99297E-05
0.000576508 0.00302893 9.99122E-05 9.99122E-05 9.99122E-05 9.99122E-05 0.736574 9.99122E-05 9.99122E-05 0.00292858 9.99122E-05 9.99122E-05 0.128211 9.99122E-05 0.127682 9.99122E-05
0.0028667 9.99122E-05 9.99122E-05 0.0479721 9.99122E-05 9.99122E-05 0.887288 9.99122E-05 9.99122E-05 9.99122E-05 0.025154 0.0257083 9.99122E-05 0.0100121 9.99122E-05 9.99122E-05
0.00470082 9.99473E-05 0.274863 0.0993444 0.0568364 0.0129821 0.28367 9.99473E-05 0.0817552 0.0678235 0.0115465 0.105879 9.99473E-05 9.99473E-05 9.99473E-05 9.99473E-05
9.98947E-05 9.98947E-05 9.98947E-05 9.98947E-05 9.98947E-05 0.0249689 0.804499 9.98947E-05 9.98947E-05 9.98947E-05 9.98947E-05 9.98947E-05 0.0336287 0.135705 9.98947E-05 9.98947E-05
9.99386E-05 0.0187382 0.0899592 9.99386E-05 0.166959 0.0217518 0.276148 9.99386E-05 9.99386E-05 9.99386E-05 9.99386E-05 0.175666 0.0615232 0.0609946 0.12756 9.99386E-05
9.99211E-05 9.99211E-05 0.192605 0.132953 9.99211E-05 9.99211E-05 0.265129 9.99211E-05 9.99211E-05 0.14465 0.0915763 9.99211E-05 0.101749 9.99211E-05 0.0704389 9.99211E-05
9.99298E-05 9.99298E-05 0.0787309 0.213437 0.166009 9.99298E-05 0.212649 9.99298E-05 0.070153 9.99298E-05 9.99298E-05 9.99298E-05 9.99298E-05 0.136415 0.0409168 0.0808889
0.190959 9.99035E-05 9.99035E-05 9.99035E-05 0.270076 9.99035E-05 0.235906 9.99035E-05 9.99035E-05 9.99035E-05 0.218177 9.99035E-05 9.99035E-05 9.99035E-05 0.0837823 9.99035E-05
0.060182 9.98771E-05 9.98771E-05 9.98771E-05 9.98771E-05 9.98771E-05 0.93842 9.98771E-05 9.98771E-05 9.98771E-05 9.98771E-05 9.98771E-05 9.98771E-05 9.98771E-05 9.98771E-05 9.98771E-05
0.198494 9.99122E-05 9.99122E-05 0.150752 0.0152808 9.99122E-05 0.474825 9.99122E-05 9.99122E-05 0.150062 9.99122E-05 9.99122E-05 9.99122E-05 9.99122E-05 0.00958625 9.99122E-05
0.0082108 9.99035E-05 0.0689314 9.99035E-05 0.031783 9.99035E-05 0.864401 9.99035E-05 9.99035E-05 0.0255752 9.99035E-05 9.99035E-05 9.99035E-05 9.99035E-05 9.99035E-05 9.99035E-05
0.0907839 9.98859E-05 9.98859E-05 0.138968 9.98859E-05 9.98859E-05 0.76895 9.98859E-05 9.98859E-05 9.98859E-05 9.98859E-05 9.98859E-05 9.98859E-05 9.98859E-05 9.98859E-05 9.98859E-05
0.0644193 9.99211E-05 9.99211E-05 9.99211E-05 9.99211E-05 9.99211E-05 0.651419 0.0296064 0.000574825 0.115951 9.99211E-05 0.131638 9.99211E-05 9.99211E-05 9.99211E-05 0.00549251
0.178233 0.0354538 9.99211E-05 9.99211E-05 0.141404 9.99211E-05 0.251305 9.99211E-05 9.99211E-05 9.99211E-05 0.070252 0.0783245 9.99211E-05 9.99211E-05 0.244129 9.99211E-05
0.143751 9.99298E-05 0.123321 0.183255 0.15112 9.99298E-05 0.155505 9.99298E-05 0.0421385 9.99298E-05 9.99298E-05 9.99298E-05 9.99298E-05 9.99298E-05 0.149105 0.0510042
0.114809 9.9921E-05 0.0232027 9.9921E-05 9.9921E-05 9.9921E-05 0.585985 0.150957 0.0578451 0.00831477 9.9921E-05 9.9921E-05 0.0579871 9.9921E-05 9.9921E-05 9.9921E-05
0.109486 0.0693009 9.99211E-05 0.35001 9.99211E-05 0.146726 0.110494 9.99211E-05 9.99211E-05 9.99211E-05 9.99211E-05 0.0642166 9.99211E-05 9.99211E-05 0.148867 9.99211E-05
0.127527 0.0108826 0.0773698 0.218598 0.16006 0.0535845 0.351078 9.9921E-05 9.9921E-05 9.9921E-05 9.9921E-05 9.9921E-05 9.9921E-05 9.9921E-05 9.9921E-05 9.9921E-05
9.98772E-05 0.0405952 9.98772E-05 9.98772E-05 9.98772E-05 9.98772E-05 0.958007 9.98772E-05 9.98772E-05 9.98772E-05 9.98772E-05 9.98772E-05 9.98772E-05 9.98772E-05 9.98772E-05 9.98772E-05
0.0198844 0.00872521 0.106401 0.0623126 0.111382 9.99561E-05 0.419363 9.99561E-05 9.99561E-05 0.0828944 9.99561E-05 0.040974 0.0209047 0.0834871 9.99561E-05 0.0431714
9.99211E-05 9.99211E-05 0.0259822 0.359649 0.160019 9.99211E-05 0.267717 9.99211E-05 9.99211E-05 0.0433893 9.99211E-05 0.0138172 9.99211E-05 0.128526 9.99211E-05 9.99211E-05
0.0908586 9.99035E-05 9.99035E-05 9.99035E-05 9.99035E-05 9.99035E-05 0.569808 9.99035E-05 9.99035E-05 0.0441276 9.99035E-05 0.00571684 9.99035E-05 9.99035E-05 0.28839 9.99035E-05
0.192672 9.99035E-05 9.99035E-05 0.310336 9.99035E-05 9.99035E-05 0.37726 9.99035E-05 0.0156804 9.99035E-05 0.102953 9.99035E-05 9.99035E-05 9.99035E-05 9.99035E-05 9.99035E-05
0.222899 0.141363 0.0508579 9.9921E-05 0.0268133 9.9921E-05 0.283634 9.9921E-05 9.9921E-05 0.0854126 9.9921E-05 0.18812 9.9921E-05 9.9921E-05 9.9921E-05 9.9921E-05
0.104866 9.99035E-05 9.99035E-05 0.14719 9.99035E-05 9.99035E-05 0.707013 9.99035E-05 9.99035E-05 9.99035E-05 9.99035E-05 0.0199031 9.99035E-05 9.99035E-05 9.99035E-05 0.019928
0.128869 9.99123E-05 9.99123E-05 0.34735 9.99123E-05 0.153046 9.99123E-05 9.99123E-05 9.99123E-05 9.99123E-05 9.99123E-05 0.275946 9.99123E-05 9.99123E-05 0.0463749 0.0474159
0.0605351 9.98947E-05 0.0903096 0.144132 9.98947E-05 9.98947E-05 0.703825 9.98947E-05 9.98947E-05 9.98947E-05 9.98947E-05 9.98947E-05 9.98947E-05 9.98947E-05 9.98947E-05 9.98947E-05
0.167823 0.0174261 9.99211E-05 0.149788 9.99211E-05 9.99211E-05 0.59775 9.99211E-05 9.99211E-05 0.00454487 9.99211E-05 0.000316102 9.99211E-05 9.99211E-05 0.061452 9.99211E-05
0.0186251 9.99123E-05 9.99123E-05 9.99123E-05 0.0610776 9.99123E-05 0.826271 0.0477213 0.00591666 9.99123E-05 9.99123E-05 0.0393892 9.99123E-05 9.99123E-05 9.99123E-05 9.99123E-05
9.9921E-05 9.9921E-05 0.0933155 0.0326599 0.0304514 0.0222068 0.607702 9.9921E-05 9.9921E-05 0.0565757 9.9921E-05 9.9921E-05 9.9921E-05 9.9921E-05 0.156189 9.9921E-05
0.074305 9.99123E-05 0.063506 0.0434934 9.99123E-05 9.99123E-05 0.525826 9.99123E-05 9.99123E-05 0.0599392 9.99123E-05 0.231931 9.99123E-05 9.99123E-05 9.99123E-05 9.99123E-05
0.12682 9.99209E-05 9.99209E-05 0.0892869 9.99209E-05 9.99209E-05 0.524038 9.99209E-05 9.99209E-05 0.0741456 9.99209E-05 0.025257 9.99209E-05 9.99209E-05 0.116945 0.0426084
0.0926433 0.0230542 9.99298E-05 0.0792881 9.99298E-05 0.0630351 0.463352 9.99298E-05 9.99298E-05 0.041553 0.00480343 0.231471 9.99298E-05 9.99298E-05 9.99298E-05 9.99298E-05
0.0206158 0.0469477 9.99123E-05 9.99123E-05 9.99123E-05 0.00755981 0.799212 9.99123E-05 9.99123E-05 0.0357041 9.99123E-05 9.99123E-05 0.0889617 9.99123E-05 9.99123E-05 9.99123E-05
9.99298E-05 9.99298E-05 0.0593753 0.104388 0.0131278 9.99298E-05 0.658784 9.99298E-05 0.00158963 0.000639627 0.0791142 9.99298E-05 0.0821815 9.99298E-05 9.99298E-05 9.99298E-05
9.99123E-05 0.0235571 0.0306848 9.99123E-05 9.99123E-05 9.99123E-05 0.868477 9.99123E-05 9.99123E-05 0.00065847 9.99123E-05 9.99123E-05 0.036935 9.99123E-05 9.99123E-05 0.038688
0.108722 0.0412422 9.98948E-05 9.98948E-05 0.215694 9.98948E-05 0.633143 9.98948E-05 9.98948E-05 9.98948E-05 9.98948E-05 9.98948E-05 9.98948E-05 9.98948E-05 9.98948E-05 9.98948E-05
0.159043 9.99298E-05 9.99298E-05 0.0695155 0.0168254 9.99298E-05 0.50306 0.0574886 9.99298E-05 0.0288938 9.99298E-05 9.99298E-05 0.0941129 0.0702607 9.99298E-05 9.99298E-05
0.122456 9.98947E-05 9.98947E-05 9.98947E-05 9.98947E-05 9.98947E-05 0.600387 9.98947E-05 9.98947E-05 9.98947E-05 9.98947E-05 0.153335 9.98947E-05 9.98947E-05 9.98947E-05 0.122622
0.0841994 9.99122E-05 0.0269795 0.153679 0.00274372 9.99122E-05 0.712757 9.99122E-05 9.99122E-05 0.0186415 9.99122E-05 9.99122E-05 9.99122E-05 9.99122E-05 9.99122E-05 9.99122E-05
0.0781044 9.99036E-05 9.99036E-05 0.258896 0.027789 9.99036E-05 0.624561 9.99036E-05 9.99036E-05 9.99036E-05 9.99036E-05 9.99036E-05 0.0095507 9.99036E-05 9.99036E-05 9.99036E-05
9.98947E-05 9.98947E-05 9.98947E-05 0.13336 9.98947E-05 9.98947E-05 0.809642 0.0195493 9.98947E-05 9.98947E-05 9.98947E-05 9.98947E-05 0.0362494 9.98947E-05 9.98947E-05 9.98947E-05
0.16963 9.99298E-05 9.99298E-05 0.136567 0.0880083 9.99298E-05 0.373816 9.99298E-05 9.99298E-05 0.00219949 0.103349 9.99298E-05 0.0161435 9.99298E-05 0.109487 9.99298E-05
0.194333 9.98947E-05 0.118968 0.463924 9.98947E-05 9.98947E-05 0.221577 9.98947E-05 9.98947E-05 9.98947E-05 9.98947E-05 9.98947E-05 9.98947E-05 9.98947E-05 9.98947E-05 9.98947E-05
0.0510176 0.0567102 9.98946E-05 0.0574542 9.98946E-05 9.98946E-05 0.833619 9.98946E-05 9.98946E-05 9.98946E-05 9.98946E-05 9.98946E-05 9.98946E-05 9.98946E-05 9.98946E-05 9.98946E-05
0.0572969 9.9921E-05 0.00959886 9.9921E-05 0.0514646 0.00211453 0.763168 9.9921E-05 9.9921E-05 0.0723379 9.9921E-05 9.9921E-05 0.04312 9.9921E-05 9.9921E-05 9.9921E-05
9.98859E-05 9.98859E-05 9.98859E-05 9.98859E-05 9.98859E-05 0.0140549 0.967347 9.98859E-05 0.0172995 9.98859E-05 9.98859E-05 9.98859E-05 9.98859E-05 9.98859E-05 9.98859E-05 9.98859E-05
0.133132 9.99033E-05 9.99033E-05 0.206686 9.99033E-05 9.99033E-05 0.64085 9.99033E-05 9.99033E-05 9.99033E-05 9.99033E-05 9.99033E-05 9.99033E-05 9.99033E-05 0.0124928 0.00574005
9.99299E-05 0.0903505 9.99299E-05 9.99299E-05 9.99299E-05 0.0318671 0.740071 9.99299E-05 9.99299E-05 0.0075433 9.99299E-05 0.00999018 0.0289021 0.0592653 9.99299E-05 0.0312111
0.140201 0.00943371 0.0168499 0.0971414 0.0439978 9.99561E-05 0.326609 9.99561E-05 9.99561E-05 0.158017 0.0217059 0.0847431 9.99561E-05 9.99561E-05 0.0680141 0.0327877
9.99035E-05 0.0295546 9.99035E-05 0.261633 9.99035E-05 9.99035E-05 0.616284 9.99035E-05 9.99035E-05 9.99035E-05 0.0526557 9.99035E-05 9.99035E-05 0.0387739 9.99035E-05 9.99035E-05
0.0422921 9.99035E-05 9.99035E-05 9.99035E-05 0.0245654 0.0414141 0.845068 9.99035E-05 9.99035E-05 9.99035E-05 9.99035E-05 9.99035E-05 0.045561 9.99035E-05 9.99035E-05 9.99035E-05
0.0465353 0.0107172 9.99299E-05 9.99299E-05 9.99299E-05 0.0293047 0.61008 9.99299E-05 9.99299E-05 0.00132356 9.99299E-05 0.0554672 9.99299E-05 0.0156497 9.99299E-05 0.230123
0.117978 9.9921E-05 0.0304718 9.9921E-05 9.9921E-05 0.00402372 0.732489 9.9921E-05 9.9921E-05 9.9921E-05 0.0780144 9.9921E-05 9.9921E-05 9.9921E-05 0.0147372 0.0213862
9.98947E-05 0.0588508 9.98947E-05 9.98947E-05 9.98947E-05 9.98947E-05 0.712059 9.98947E-05 9.98947E-05 9.98947E-05 9.98947E-05 0.159222 9.98947E-05 0.0686691 9.98947E-05 9.98947E-05
0.00276081 9.99122E-05 0.0138479 0.114052 9.99122E-05 0.093891 0.723314 9.99122E-05 9.99122E-05 9.99122E-05 9.99122E-05 9.99122E-05 0.0511345 9.99122E-05 9.99122E-05 9.99122E-05
0.0469429 9.99035E-05 0.0156952 0.0134742 9.99035E-05 9.99035E-05 0.844147 9.99035E-05 9.99035E-05 0.0786422 9.99035E-05 9.99035E-05 9.99035E-05 9.99035E-05 9.99035E-05 9.99035E-05
9.98947E-05 9.98947E-05 9.98947E-05 9.98947E-05 0.015503 9.98947E-05 0.860355 9.98947E-05 9.98947E-05 0.0954298 9.98947E-05 9.98947E-05 0.0275136 9.98947E-05 9.98947E-05 9.98947E-05
0.142624 9.99121E-05 9.99121E-05 9.99121E-05 0.016829 0.0507341 9.99121E-05 9.99121E-05 9.99121E-05 0.0659516 9.99121E-05 9.99121E-05 0.00936682 9.99121E-05 0.713495 9.99121E-05
9.98772E-05 9.98772E-05 9.98772E-05 9.98772E-05 9.98772E-05 9.98772E-05 9.98772E-05 9.98772E-05 9.98772E-05 9.98772E-05 0.00655181 9.98772E-05 9.98772E-05 9.98772E-05 0.99205 9.98772E-05
9.98859E-05 9.98859E-05 9.98859E-05 9.98859E-05 9.98859E-05 0.0532106 9.98859E-05 9.98859E-05 9.98859E-05 9.98859E-05 9.98859E-05 9.98859E-05 9.98859E-05 9.98859E-05 0.906978 0.038513
0.00997851 9.99122E-05 9.99122E-05 9.99122E-05 0.111015 0.0399061 9.99122E-05 9.99122E-05 9.99122E-05 9.99122E-05 9.99122E-05 0.207932 0.334837 9.99122E-05 0.295333 9.99122E-05
0.0253735 0.0567935 9.99296E-05 0.108135 0.0528753 0.0345619 9.99296E-05 9.99296E-05 9.99296E-05 0.0348158 9.99296E-05 9.99296E-05 9.99296E-05 0.0019736 0.684672 9.99296E-05
0.164497 9.99032E-05 9.99032E-05 0.044484 0.0244967 9.99032E-05 9.99032E-05 9.99032E-05 0.0173066 9.99032E-05 9.99032E-05 9.99032E-05 9.99032E-05 9.99032E-05 0.748117 9.99032E-05
0.179764 9.98945E-05 9.98945E-05 9.98945E-05 9.98945E-05 9.98945E-05 9.98945E-05 9.98945E-05 9.98945E-05 0.0777577 9.98945E-05 9.98945E-05 0.26336 9.98945E-05 0.47792 9.98945E-05
0.0639845 9.99121E-05 9.99121E-05 9.99121E-05 0.0536083 0.150211 9.99121E-05 9.99121E-05 9.99121E-05 9.99121E-05 9.99121E-05 0.0379201 0.139276 9.99121E-05 0.554001 9.99121E-05
9.98683E-05 9.98683E-05 9.98683E-05 9.98683E-05 9.98683E-05 9.98683E-05 9.98683E-05 9.98683E-05 9.98683E-05 9.98683E-05 9.98683E-05 9.98683E-05 9.98683E-05 9.98683E-05 0.998502 9.98683E-05
9.98859E-05 9.98859E-05 9.98859E-05 9.98859E-05 9.98859E-05 9.98859E-05 9.98859E-05 9.98859E-05 0.0169248 0.113236 9.98859E-05 9.98859E-05 9.98859E-05 9.98859E-05 0.868541 9.98859E-05
0.233014 9.99032E-05 9.99032E-05 9.99032E-05 0.0240967 9.99032E-05 9.99032E-05 9.99032E-05 0.0016513 0.179844 9.99032E-05 9.99032E-05 9.99032E-05 9.99032E-05 0.560295 9.99032E-05
0.00915188 0.0677066 0.0704389 0.17288 0.00555628 9.99473E-05 9.99473E-05 9.99473E-05 0.077547 0.13159 9.99473E-05 9.99473E-05 0.0251614 0.0325145 0.406854 9.99473E-05
9.99122E-05 9.99122E-05 9.99122E-05 9.99122E-05 0.148035 9.99122E-05 9.99122E-05 9.99122E-05 0.108213 0.0515054 9.99122E-05 0.0302904 9.99122E-05 0.0526681 0.608289 9.99122E-05
0.0949201 9.9912E-05 9.9912E-05 0.194059 0.00110329 9.9912E-05 9.9912E-05 9.9912E-05 9.9912E-05 9.9912E-05 9.9912E-05 9.9912E-05 0.0832683 0.0772186 0.548431 9.9912E-05
9.98949E-05 9.98949E-05 9.98949E-05 9.98949E-05 9.98949E-05 9.98949E-05 9.98949E-05 9.98949E-05 9.98949E-05 0.0518288 9.98949E-05 0.0466379 9.98949E-05 9.98949E-05 0.840347 0.0599875
0.0367147 9.99035E-05 0.00264366 0.0024514 9.99035E-05 9.99035E-05 9.99035E-05 9.99035E-05 9.99035E-05 0.0459843 9.99035E-05 9.99035E-05 9.99035E-05 9.99035E-05 0.911107 9.99035E-05
9.99033E-05 9.99033E-05 0.106639 9.99033E-05 9.99033E-05 0.0426044 9.99033E-05 9.99033E-05 9.99033E-05 9.99033E-05 9.99033E-05 0.0234099 9.99033E-05 9.99033E-05 0.761088 0.0651595
9.99122E-05 9.99122E-05 0.0666934 0.127045 0.0338221 9.99122E-05 9.99122E-05 9.99122E-05 0.0572458 0.102091 9.99122E-05 9.99122E-05 9.99122E-05 9.99122E-05 0.612103 9.99122E-05
0.00042966 9.99122E-05 0.104825 9.99122E-05 0.00160556 0.123869 9.99122E-05 9.99122E-05 9.99122E-05 0.0742101 9.99122E-05 9.99122E-05 9.99122E-05 9.99122E-05 0.694061 9.99122E-05
0.192641 9.98944E-05 9.98944E-05 9.98944E-05 9.98944E-05 9.98944E-05 9.98944E-05 9.98944E-05 0.00265878 9.98944E-05 9.98944E-05 9.98944E-05 9.98944E-05 9.98944E-05 0.721601 0.0819004
0.00695678 9.99036E-05 9.99036E-05 9.99036E-05 9.99036E-05 9.99036E-05 9.99036E-05 0.0650319 9.99036E-05 0.00881473 9.99036E-05 9.99036E-05 9.99036E-05 0.00536313 0.912734 9.99036E-05
0.0454623 9.98945E-05 9.98945E-05 0.24016 9.98945E-05 0.0151832 9.98945E-05 9.98945E-05 9.98945E-05 9.98945E-05 9.98945E-05 9.98945E-05 9.98945E-05 9.98945E-05 0.697996 9.98945E-05
0.0231473 9.98947E-05 9.98947E-05 0.0410721 9.98947E-05 9.98947E-05 9.98947E-05 9.98947E-05 9.98947E-05 9.98947E-05 9.98947E-05 0.152394 9.98947E-05 9.98947E-05 0.782188 9.98947E-05
0.0266845 9.99209E-05 0.00861281 9.99209E-05 0.0587785 0.141166 9.99209E-05 9.99209E-05 9.99209E-05 0.0352449 0.0221902 9.99209E-05 9.99209E-05 9.99209E-05 0.706423 9.99209E-05
0.0256388 9.98945E-05 9.98945E-05 9.98945E-05 9.98945E-05 9.98945E-05 9.98945E-05 9.98945E-05 0.171976 0.0700362 9.98945E-05 9.98945E-05 9.98945E-05 9.98945E-05 0.73115 9.98945E-05
0.0260171 9.98773E-05 9.98773E-05 9.98773E-05 9.98773E-05 9.98773E-05 9.98773E-05 9.98773E-05 9.98773E-05 9.98773E-05 9.98773E-05 9.98773E-05 9.98773E-05 9.98773E-05 0.972585 9.98773E-05
9.98685E-05 9.98685E-05 9.98685E-05 9.98685E-05 9.98685E-05 9.98685E-05 9.98685E-05 9.98685E-05 9.98685E-05 9.98685E-05 9.98685E-05 9.98685E-05 9.98685E-05 9.98685E-05 0.998502 9.98685E-05
9.98684E-05 9.98684E-05 9.98684E-05 9.98684E-05 9.98684E-05 9.98684E-05 9.98684E-05 9.98684E-05 9.98684E-05 9.98684E-05 9.98684E-05 9.98684E-05 9.98684E-05 9.98684E-05 0.998502 9.98684E-05
0.00905863 9.99035E-05 9.99035E-05 9.99035E-05 0.0117175 0.109281 9.99035E-05 9.99035E-05 0.00980576 9.99035E-05 9.99035E-05 9.99035E-05 9.99035E-05 9.99035E-05 0.859038 9.99035E-05
0.0782496 0.0160525 9.99124E-05 9.99124E-05 0.125929 9.99124E-05 9.99124E-05 0.125343 9.99124E-05 9.99124E-05 9.99124E-05 9.99124E-05 9.99124E-05 0.0125631 0.640863 9.99124E-05
0.133382 9.98859E-05 9.98859E-05 9.98859E-05 0.0399378 9.98859E-05 9.98859E-05 9.98859E-05 9.98859E-05 9.98859E-05 9.98859E-05 0.825381 9.98859E-05 9.98859E-05 9.98859E-05 9.98859E-05
9.98773E-05 9.98773E-05 9.98773E-05 9.98773E-05 9.98773E-05 9.98773E-05 9.98773E-05 0.414761 9.98773E-05 9.98773E-05 9.98773E-05 0.583841 9.98773E-05 9.98773E-05 9.98773E-05 9.98773E-05
0.0457651 9.99034E-05 9.99034E-05 0.0604069 9.99034E-05 0.00545222 9.99034E-05 9.99034E-05 9.99034E-05 0.0111881 9.99034E-05 0.876089 9.99034E-05 9.99034E-05 9.99034E-05 9.99034E-05
0.129351 9.98945E-05 9.98945E-05 9.98945E-05 0.0360498 0.0156019 9.98945E-05 9.98945E-05 9.98945E-05 9.98945E-05 9.98945E-05 0.817798 9.98945E-05 9.98945E-05 9.98945E-05 9.98945E-05
9.98857E-05 9.98857E-05 9.98857E-05 9.98857E-05 0.0409329 9.98857E-05 9.98857E-05 9.98857E-05 9.98857E-05 9.98857E-05 0.0280759 0.929693 9.98857E-05 9.98857E-05 9.98857E-05 9.98857E-05
0.16047 0.0350908 9.9921E-05 9.9921E-05 0.161158 0.00722013 9.9921E-05 0.0130875 9.9921E-05 9.9921E-05 9.9921E-05 0.598424 0.0236507 9.9921E-05 9.9921E-05 9.9921E-05
0.0594808 9.99034E-05 9.99034E-05 0.06902 0.0627776 9.99034E-05 9.99034E-05 9.99034E-05 0.0273609 9.99034E-05 9.99034E-05 0.780262 9.99034E-05 9.99034E-05 9.99034E-05 9.99034E-05
9.98771E-05 9.98771E-05 9.98771E-05 9.98771E-05 0.259015 9.98771E-05 9.98771E-05 9.98771E-05 9.98771E-05 9.98771E-05 9.98771E-05 0.739587 9.98771E-05 9.98771E-05 9.98771E-05 9.98771E-05
0.00592693 9.99209E-05 9.99209E-05 0.0534289 0.32209 9.99209E-05 9.99209E-05 9.99209E-05 0.00560583 0.0173064 9.99209E-05 0.378692 0.21605 9.99209E-05 9.99209E-05 9.99209E-05
0.254087 9.98946E-05 9.98946E-05 9.98946E-05 0.208456 9.98946E-05 9.98946E-05 9.98946E-05 0.0074406 9.98946E-05 9.98946E-05 0.528818 9.98946E-05 9.98946E-05 9.98946E-05 9.98946E-05
9.99035E-05 9.99035E-05 9.99035E-05 9.99035E-05 0.00804876 9.99035E-05 9.99035E-05 0.193608 9.99035E-05 0.0227384 9.99035E-05 0.5456 0.228906 9.99035E-05 9.99035E-05 9.99035E-05
0.0524291 9.99035E-05 9.99035E-05 9.99035E-05 9.99035E-05 9.99035E-05 9.99035E-05 0.0958151 9.99035E-05 0.0266932 9.99035E-05 0.670243 0.15372 9.99035E-05 9.99035E-05 9.99035E-05
9.98773E-05 9.98773E-05 9.98773E-05 9.98773E-05 0.130232 9.98773E-05 9.98773E-05 9.98773E-05 9.98773E-05 9.98773E-05 9.98773E-05 0.86837 9.98773E-05 9.98773E-05 9.98773E-05 9.98773E-05
0.166844 9.99036E-05 9.99036E-05 9.99036E-05 0.15978 9.99036E-05 9.99036E-05 9.99036E-05 9.99036E-05 9.99036E-05 0.0679201 0.601698 0.00265951 9.99036E-05 9.99036E-05 9.99036E-05
9.99035E-05 9.99035E-05 9.99035E-05 9.99035E-05 0.074141 0.189812 9.99035E-05 0.133207 9.99035E-05 9.99035E-05 9.99035E-05 0.56968 9.99035E-05 9.99035E-05 9.99035E-05 0.0320612
0.155333 0.00870401 9.99035E-05 9.99035E-05 9.99035E-05 9.99035E-05 9.99035E-05 9.99035E-05 9.99035E-05 0.0763116 9.99035E-05 0.652653 0.105899 9.99035E-05 9.99035E-05 9.99035E-05
0.10865 0.0299856 9.98946E-05 9.98946E-05 9.98946E-05 9.98946E-05 9.98946E-05 9.98946E-05 9.98946E-05 9.98946E-05 9.98946E-05 0.606276 0.25389 9.98946E-05 9.98946E-05 9.98946E-05
9.99123E-05 9.99123E-05 9.99123E-05 0.0850976 0.113003 9.99123E-05 9.99123E-05 9.99123E-05 9.99123E-05 0.0322933 0.00881473 0.668334 9.99123E-05 0.0914582 9.99123E-05 9.99123E-05
9.99035E-05 9.99035E-05 9.99035E-05 9.99035E-05 0.00796971 9.99035E-05 9.99035E-05 0.0210885 9.99035E-05 0.0149313 9.99035E-05 0.942248 9.99035E-05 0.0126631 9.99035E-05 9.99035E-05
0.103391 0.0570618 9.9921E-05 9.9921E-05 0.0818954 9.9921E-05 9.9921E-05 0.183292 9.9921E-05 0.0541628 9.9921E-05 0.510639 9.9921E-05 9.9921E-05 0.00865889 9.9921E-05
0.105867 9.98947E-05 9.98947E-05 9.98947E-05 9.98947E-05 9.98947E-05 9.98947E-05 9.98947E-05 9.98947E-05 9.98947E-05 9.98947E-05 0.633878 0.146819 0.112238 9.98947E-05 9.98947E-05
9.99034E-05 9.99034E-05 9.99034E-05 9.99034E-05 0.0525962 0.0126653 9.99034E-05 9.99034E-05 0.0448315 0.0166566 9.99034E-05 0.872151 9.99034E-05 9.99034E-05 9.99034E-05 9.99034E-05
0.260539 0.038275 9.99034E-05 9.99034E-05 0.154203 9.99034E-05 9.99034E-05 9.99034E-05 9.99034E-05 9.99034E-05 9.99034E-05 0.43575 0.110134 9.99034E-05 9.99034E-05 9.99034E-05
9.9886E-05 9.9886E-05 9.9886E-05 9.9886E-05 0.198267 9.9886E-05 9.9886E-05 0.0712222 9.9886E-05 9.9886E-05 9.9886E-05 0.729212 9.9886E-05 9.9886E-05 9.9886E-05 9.9886E-05
0.241652 0.0570523 9.99034E-05 9.99034E-05 0.19503 9.99034E-05 9.99034E-05 9.99034E-05 9.99034E-05 9.99034E-05 9.99034E-05 0.473255 0.0319117 9.99034E-05 9.99034E-05 9.99034E-05
0.111516 9.99298E-05 9.99298E-05 0.0588497 0.118313 9.99298E-05 9.99298E-05 0.171951 0.0322594 9.99298E-05 9.99298E-05 0.402238 0.0466322 9.99298E-05 0.0574425 9.99298E-05
9.9886E-05 9.9886E-05 9.9886E-05 9.9886E-05 9.9886E-05 9.9886E-05 9.9886E-05 0.495962 9.9886E-05 9.9886E-05 0.203784 0.298956 9.9886E-05 9.9886E-05 9.9886E-05 9.9886E-05
0.0621346 9.98945E-05 0.0353306 9.98945E-05 0.0573281 9.98945E-05 9.98945E-05 9.98945E-05 9.98945E-05 9.98945E-05 9.98945E-05 0.844008 9.98945E-05 9.98945E-05 9.98945E-05 9.98945E-05
0.18254 0.0145199 9.99122E-05 0.0092064 0.136426 9.99122E-05 9.99122E-05 9.99122E-05 9.99122E-05 9.99122E-05 9.99122E-05 0.649362 0.0069462 9.99122E-05 9.99122E-05 9.99122E-05
0.167333 0.0181838 9.99035E-05 9.99035E-05 9.99035E-05 9.99035E-05 9.99035E-05 0.00875914 9.99035E-05 0.0200051 9.99035E-05 0.78462 9.99035E-05 9.99035E-05 9.99035E-05 9.99035E-05
0.151491 9.99123E-05 9.99123E-05 9.99123E-05 0.0335054 9.99123E-05 9.99123E-05 9.99123E-05 9.99123E-05 0.0141933 9.99123E-05 0.707178 9.99123E-05 0.00442672 9.99123E-05 0.0882058
0.00717073 9.9886E-05 9.9886E-05 9.9886E-05 9.9886E-05 9.9886E-05 9.9886E-05 9.9886E-05 9.9886E-05 0.0383888 9.9886E-05 0.953142 9.9886E-05 9.9886E-05 9.9886E-05 9.9886E-05
0.114066 0.114727 9.99034E-05 9.99034E-05 0.315544 9.99034E-05 9.99034E-05 9.99034E-05 9.99034E-05 9.99034E-05 9.99034E-05 0.418344 9.99034E-05 0.0362206 9.99034E-05 9.99034E-05
0.0415706 9.98945E-05 9.98945E-05 0.14337 0.00764629 9.98945E-05 9.98945E-05 9.98945E-05 9.98945E-05 9.98945E-05 9.98945E-05 0.806215 9.98945E-05 9.98945E-05 9.98945E-05 9.98945E-05
0.0137481 9.98859E-05 9.98859E-05 9.98859E-05 0.0314076 9.98859E-05 9.98859E-05 9.98859E-05 9.98859E-05 9.98859E-05 9.98859E-05 0.953546 9.98859E-05 9.98859E-05 9.98859E-05 9.98859E-05
9.9921E-05 9.9921E-05 0.00522137 0.026286 0.0635888 0.0170522 9.9921E-05 0.106074 9.9921E-05 0.00891184 9.9921E-05 0.771967 9.9921E-05 9.9921E-05 9.9921E-05 9.9921E-05
0.217257 9.98946E-05 9.98946E-05 9.98946E-05 0.0634514 0.0438241 9.98946E-05 9.98946E-05 9.98946E-05 9.98946E-05 9.98946E-05 0.674269 9.98946E-05 9.98946E-05 9.98946E-05 9.98946E-05
0.00851371 9.99034E-05 9.99034E-05 9.99034E-05 0.0613149 9.99034E-05 9.99034E-05 0.520845 9.99034E-05 9.99034E-05 9.99034E-05 0.38367 9.99034E-05 0.024558 9.99034E-05 9.99034E-05
0.13284 9.98948E-05 9.98948E-05 9.98948E-05 9.98948E-05 0.0164517 9.98948E-05 0.191836 9.98948E-05 9.98948E-05 9.98948E-05 0.657673 9.98948E-05 9.98948E-05 9.98948E-05 9.98948E-05
9.98861E-05 9.98861E-05 9.98861E-05 9.98861E-05 9.98861E-05 9.98861E-05 9.98861E-05 0.204233 9.98861E-05 9.98861E-05 9.98861E-05 0.782562 9.98861E-05 0.0119063 9.98861E-05 9.98861E-05
9.99035E-05 0.0357398 9.99035E-05 9.99035E-05 0.101754 0.00250693 9.99035E-05 0.393993 9.99035E-05 9.99035E-05 9.99035E-05 0.464907 9.99035E-05 9.99035E-05 9.99035E-05 9.99035E-05
0.289566 9.99034E-05 9.99034E-05 9.99034E-05 0.0939226 9.99034E-05 9.99034E-05 9.99034E-05 9.99034E-05 0.0627919 9.99034E-05 0.46865 0.0839708 9.99034E-05 9.99034E-05 9.99034E-05
9.98859E-05 9.98859E-05 9.98859E-05 0.0457335 0.144676 9.98859E-05 9.98859E-05 9.98859E-05 9.98859E-05 9.98859E-05 9.98859E-05 0.808292 9.98859E-05 9.98859E-05 9.98859E-05 9.98859E-05
0.0700691 0.0538992 9.99034E-05 9.99034E-05 0.133467 9.99034E-05 9.99034E-05 0.56144 9.99034E-05 9.99034E-05 9.99034E-05 0.180025 9.99034E-05 9.99034E-05 9.99034E-05 9.99034E-05
0.0664553 9.98859E-05 9.98859E-05 9.98859E-05 9.98859E-05 9.98859E-05 9.98859E-05 0.413981 9.98859E-05 9.98859E-05 9.98859E-05 0.518265 9.98859E-05 9.98859E-05 9.98859E-05 9.98859E-05
0.00663824 0.0845206 9.99122E-05 0.0130027 0.199925 9.99122E-05 9.99122E-05 9.99122E-05 9.99122E-05 9.99122E-05 9.99122E-05 0.48572 0.209194 9.99122E-05 9.99122E-05 9.99122E-05
0.0130311 9.99211E-05 9.99211E-05 9.99211E-05 0.136316 0.0504392 9.99211E-05 9.99211E-05 0.0148602 0.022222 9.99211E-05 0.56539 9.99211E-05 9.99211E-05 0.196843 9.99211E-05
9.99213E-05 9.99213E-05 9.99213E-05 0.054297 0.10809 9.99213E-05 9.99213E-05 9.99213E-05 0.0322418 9.99213E-05 0.101574 0.523113 0.10171 9.99213E-05 9.99213E-05 0.0780742
0.221255 0.041375 9.99122E-05 0.00984902 0.238755 9.99122E-05 9.99122E-05 9.99122E-05 9.99122E-05 0.0127719 9.99122E-05 0.474995 9.99122E-05 9.99122E-05 9.99122E-05 9.99122E-05
0.0551937 9.98859E-05 9.98859E-05 9.98859E-05 9.98859E-05 9.98859E-05 9.98859E-05 0.447559 9.98859E-05 9.98859E-05 9.98859E-05 0.495949 9.98859E-05 9.98859E-05 9.98859E-05 9.98859E-05
0.154582 9.98946E-05 0.129677 9.98946E-05 9.98946E-05 9.98946E-05 9.98946E-05 9.98946E-05 9.98946E-05 0.00563675 9.98946E-05 0.708905 9.98946E-05 9.98946E-05 9.98946E-05 9.98946E-05
0.0420391 9.99034E-05 9.99034E-05 9.99034E-05 0.127053 9.99034E-05 9.99034E-05 0.508633 9.99034E-05 0.00705574 9.99034E-05 0.31412 9.99034E-05 9.99034E-05 9.99034E-05 9.99034E-05
0.119085 9.98948E-05 9.98948E-05 9.98948E-05 0.10779 9.98948E-05 9.98948E-05 0.179399 9.98948E-05 9.98948E-05 9.98948E-05 0.592528 9.98948E-05 9.98948E-05 9.98948E-05 9.98948E-05
9.98946E-05 9.98946E-05 9.98946E-05 9.98946E-05 0.0788119 9.98946E-05 9.98946E-05 9.98946E-05 9.98946E-05 9.98946E-05 9.98946E-05 0.907318 0.011807 9.98946E-05 9.98946E-05 0.000864069
9.98946E-05 9.98946E-05 0.0574344 9.98946E-05 9.98946E-05 0.00861982 9.98946E-05 9.98946E-05 9.98946E-05 0.00887954 9.98946E-05 0.923867 9.98946E-05 9.98946E-05 9.98946E-05 9.98946E-05
0.191012 9.98946E-05 9.98946E-05 9.98946E-05 0.250934 9.98946E-05 9.98946E-05 9.98946E-05 9.98946E-05 9.98946E-05 9.98946E-05 0.413979 0.142876 9.98946E-05 9.98946E-05 9.98946E-05
0.137881 9.98858E-05 9.98858E-05 9.98858E-05 0.145299 9.98858E-05 9.98858E-05 9.98858E-05 9.98858E-05 9.98858E-05 9.98858E-05 0.715522 9.98858E-05 9.98858E-05 9.98858E-05 9.98858E-05
9.98858E-05 9.98858E-05 9.98858E-05 9.98858E-05 0.0381988 9.98858E-05 9.98858E-05 9.98858E-05 9.98858E-05 0.0177048 9.98858E-05 0.942798 9.98858E-05 9.98858E-05 9.98858E-05 9.98858E-05
0.0662009 0.150001 9.9886E-05 9.9886E-05 9.9886E-05 9.9886E-05 9.9886E-05 9.9886E-05 9.9886E-05 9.9886E-05 9.9886E-05 0.7825 9.9886E-05 9.9886E-05 9.9886E-05 9.9886E-05
9.98947E-05 9.98947E-05 9.98947E-05 9.98947E-05 0.15635 9.98947E-05 9.98947E-05 0.109872 9.98947E-05 9.98947E-05 9.98947E-05 0.714689 0.0178908 9.98947E-05 9.98947E-05 9.98947E-05
0.998502 9.98681E-05 9.98681E-05 9.98681E-05 9.98681E-05 9.98681E-05 9.98681E-05 9.98681E-05 9.98681E-05 9.98681E-05 9.98681E-05 9.98681E-05 9.98681E-05 9.98681E-05 9.98681E-05 9.98681E-05
9.98681E-05 9.98681E-05 9.98681E-05 9.98681E-05 0.998502 9.98681E-05 9.98681E-05 9.98681E-05 9.98681E-05 9.98681E-05 9.98681E-05 9.98681E-05 9.98681E-05 9.98681E-05 9.98681E-05 9.98681E-05
0.998502 9.98681E-05 9.98681E-05 9.98681E-05 9.98681E-05 9.98681E-05 9.98681E-05 9.98681E-05 9.98681E-05 9.98681E-05 9.98681E-05 9.98681E-05 9.98681E-05 9.98681E-05 9.98681E-05 9.98681E-05
9.98681E-05 9.98681E-05 9.98681E-05 9.98681E-05 0.998502 9.98681E-05 9.98681E-05 9.98681E-05 9.98681E-05 9.98681E-05 9.98681E-05 9.98681E-05 9.98681E-05 9.98681E-05 9.98681E-05 9.98681E-05
9.9868E-05 9.9868E-05 9.9868E-05 9.9868E-05 0.998502 9.9868E-05 9.9868E-05 9.9868E-05 9.9868E-05 9.9868E-05 9.9868E-05 9.9868E-05 9.9868E-05 9.9868E-05 9.9868E-05 9.9868E-05
9.98681E-05 9.98681E-05 9.98681E-05 9.98681E-05 0.998502 9.98681E-05 9.98681E-05 9.98681E-05 9.98681E-05 9.98681E-05 9.98681E-05 9.98681E-05 9.98681E-05 9.98681E-05 9.98681E-05 9.98681E-05
0.998502 9.98681E-05 9.98681E-05 9.98681E-05 9.98681E-05 9.98681E-05 9.98681E-05 9.98681E-05 9.98681E-05 9.98681E-05 9.98681E-05 9.98681E-05 9.98681E-05 9.98681E-05 9.98681E-05 9.98681E-05
9.9868E-05 9.9868E-05 9.9868E-05 9.9868E-05 0.998502 9.9868E-05 9.9868E-05 9.9868E-05 9.9868E-05 9.9868E-05 9.9868E-05 9.9868E-05 9.9868E-05 9.9868E-05 9.9868E-05 9.9868E-05
9.98681E-05 9.98681E-05 9.98681E-05 9.98681E-05 0.998502 9.98681E-05 9.98681E-05 9.98681E-05 9.98681E-05 9.98681E-05 9.98681E-05 9.98681E-05 9.98681E-05 9.98681E-05 9.98681E-05 9.98681E-05
0.998502 9.98681E-05 9.98681E-05 9.98681E-05 9.98681E-05 9.98681E-05 9.98681E-05 9.98681E-05 9.98681E-05 9.98681E-05 9.98681E-05 9.98681E-05 9.98681E-05 9.98681E-05 9.98681E-05 9.98681E-05
0.998502 9.98682E-05 9.98682E-05 9.98682E-05 9.98682E-05 9.98682E-05 9.98682E-05 9.98682E-05 9.98682E-05 9.98682E-05 9.98682E-05 9.98682E-05 9.98682E-05 9.98682E-05 9.98682E-05 9.98682E-05
0.998502 9.9868E-05 9.9868E-05 9.9868E-05 9.9868E-05 9.9868E-05 9.9868E-05 9.9868E-05 9.9868E-05 9.9868E-05 9.9868E-05 9.9868E-05 9.9868E-05 9.9868E-05 9.9868E-05 9.9868E-05
9.98681E-05 9.98681E-05 9.98681E-05 9.98681E-05 0.998502 9.98681E-05 9.98681E-05 9.98681E-05 9.98681E-05 9.98681E-05 9.98681E-05 9.98681E-05 9.98681E-05 9.98681E-05 9.98681E-05 9.98681E-05
9.98681E-05 9.98681E-05 9.98681E-05 9.98681E-05 0.998502 9.98681E-05 9.98681E-05 9.98681E-05 9.98681E-05 9.98681E-05 9.98681E-05 9.98681E-05 9.98681E-05 9.98681E-05 9.98681E-05 9.98681E-05
0.998502 9.98681E-05 9.98681E-05 9.98681E-05 9.98681E-05 9.98681E-05 9.98681E-05 9.98681E-05 9.98681E-05 9.98681E-05 9.98681E-05 9.98681E-05 9.98681E-05 9.98681E-05 9.98681E-05 9.98681E-05
0.998502 9.98681E-05 9.98681E-05 9.98681E-05 9.98681E-05 9.98681E-05 9.98681E-05 9.98681E-05 9.98681E-05 9.98681E-05 9.98681E-05 9.98681E-05 9.98681E-05 9.98681E-05 9.98681E-05 9.98681E-05
0.123895 9.99209E-05 0.0981017 9.99209E-05 0.0970029 0.0158988 9.99209E-05 9.99209E-05 9.99209E-05 9.99209E-05 0.0488231 0.548786 9.99209E-05 9.99209E-05 9.99209E-05 0.066593
0.998502 9.98682E-05 9.98682E-05 9.98682E-05 9.98682E-05 9.98682E-05 9.98682E-05 9.98682E-05 9.98682E-05 9.98682E-05 9.98682E-05 9.98682E-05 9.98682E-05 9.98682E-05 9.98682E-05 9.98682E-05
9.98681E-05 9.98681E-05 9.98681E-05 9.98681E-05 0.998502 9.98681E-05 9.98681E-05 9.98681E-05 9.98681E-05 9.98681E-05 9.98681E-05 9.98681E-05 9.98681E-05 9.98681E-05 9.98681E-05 9.98681E-05
0.998502 9.98681E-05 9.98681E-05 9.98681E-05 9.98681E-05 9.98681E-05 9.98681E-05 9.98681E-05 9.98681E-05 9.98681E-05 9.98681E-05 9.98681E-05 9.98681E-05 9.98681E-05 9.98681E-05 9.98681E-05
0.998502 9.98681E-05 9.98681E-05 9.98681E-05 9.98681E-05 9.98681E-05 9.98681E-05 9.98681E-05 9.98681E-05 9.98681E-05 9.98681E-05 9.98681E-05 9.98681E-05 9.98681E-05 9.98681E-05 9.98681E-05
0.998502 9.98682E-05 9.98682E-05 9.98682E-05 9.98682E-05 9.98682E-05 9.98682E-05 9.98682E-05 9.98682E-05 9.98682E-05 9.98682E-05 9.98682E-05 9.98682E-05 9.98682E-05 9.98682E-05 9.98682E-05
9.9868E-05 9.9868E-05 9.9868E-05 9.9868E-05 0.998502 9.9868E-05 9.9868E-05 9.9868E-05 9.9868E-05 9.9868E-05 9.9868E-05 9.9868E-05 9.9868E-05 9.9868E-05 9.9868E-05 9.9868E-05
0.998502 9.98681E-05 9.98681E-05 9.98681E-05 9.98681E-05 9.98681E-05 9.98681E-05 9.98681E-05 9.98681E-05 9.98681E-05 9.98681E-05 9.98681E-05 9.98681E-05 9.98681E-05 9.98681E-05 9.98681E-05
9.98681E-05 9.98681E-05 9.98681E-05 9.98681E-05 0.998502 9.98681E-05 9.98681E-05 9.98681E-05 9.98681E-05 9.98681E-05 9.98681E-05 9.98681E-05 9.98681E-05 9.98681E-05 9.98681E-05 9.98681E-05
0.998502 9.98682E-05 9.98682E-05 9.98682E-05 9.98682E-05 9.98682E-05 9.98682E-05 9.98682E-05 9.98682E-05 9.98682E-05 9.98682E-05 9.98682E-05 9.98682E-05 9.98682E-05 9.98682E-05 9.98682E-05
0.998502 9.98681E-05 9.98681E-05 9.98681E-05 9.98681E-05 9.98681E-05 9.98681E-05 9.98681E-05 9.98681E-05 9.98681E-05 9.98681E-05 9.98681E-05 9.98681E-05 9.98681E-05 9.98681E-05 9.98681E-05
9.98683E-05 9.98683E-05 9.98683E-05 9.98683E-05 0.998502 9.98683E-05 9.98683E-05 9.98683E-05 9.98683E-05 9.98683E-05 9.98683E-05 9.98683E-05 9.98683E-05 9.98683E-05 9.98683E-05 9.98683E-05
9.98681E-05 9.98681E-05 9.98681E-05 9.98681E-05 0.998502 9.98681E-05 9.98681E-05 9.98681E-05 9.98681E-05 9.98681E-05 9.98681E-05 9.98681E-05 9.98681E-05 9.98681E-05 9.98681E-05 9.98681E-05
9.98681E-05 9.98681E-05 9.98681E-05 9.98681E-05 0.998502 9.98681E-05 9.98681E-05 9.98681E-05 9.98681E-05 9.98681E-05 9.98681E-05 9.98681E-05 9.98681E-05 9.98681E-05 9.98681E-05 9.98681E-05
0.998502 9.98682E-05 9.98682E-05 9.98682E-05 9.98682E-05 9.98682E-05 9.98682E-05 9.98682E-05 9.98682E-05 9.98682E-05 9.98682E-05 9.98682E-05 9.98682E-05 9.98682E-05 9.98682E-05 9.98682E-05
0.998502 9.9868E-05 9.9868E-05 9.9868E-05 9.9868E-05 9.9868E-05 9.9868E-05 9.9868E-05 9.9868E-05 9.9868E-05 9.9868E-05 9.9868E-05 9.9868E-05 9.9868E-05 9.9868E-05 9.9868E-05
0.998502 9.98681E-05 9.98681E-05 9.98681E-05 9.98681E-05 9.98681E-05 9.98681E-05 9.98681E-05 9.98681E-05 9.98681E-05 9.98681E-05 9.98681E-05 9.98681E-05 9.98681E-05 9.98681E-05 9.98681E-05
0.998502 9.9868E-05 9.9868E-05 9.9868E-05 9.9868E-05 9.9868E-05 9.9868E-05 9.9868E-05 9.9868E-05 9.9868E-05 9.9868E-05 9.9868E-05 9.9868E-05 9.9868E-05 9.9868E-05 9.9868E-05
0.998502 9.98681E-05 9.98681E-05 9.98681E-05 9.98681E-05 9.98681E-05 9.98681E-05 9.98681E-05 9.98681E-05 9.98681E-05 9.98681E-05 9.98681E-05 9.98681E-05 9.98681E-05 9.98681E-05 9.98681E-05
9.98681E-05 9.98681E-05 9.98681E-05 9.98681E-05 0.998502 9.98681E-05 9.98681E-05 9.98681E-05 9.98681E-05 9.98681E-05 9.98681E-05 9.98681E-05 9.98681E-05 9.98681E-05 9.98681E-05 9.98681E-05
9.98681E-05 9.98681E-05 9.98681E-05 9.98681E-05 0.998502 9.98681E-05 9.98681E-05 9.98681E-05 9.98681E-05 9.98681E-05 9.98681E-05 9.98681E-05 9.98681E-05 9.98681E-05 9.98681E-05 9.98681E-05
9.98681E-05 9.98681E-05 9.98681E-05 9.98681E-05 0.998502 9.98681E-05 9.98681E-05 9.98681E-05 9.98681E-05 9.98681E-05 9.98681E-05 9.98681E-05 9.98681E-05 9.98681E-05 9.98681E-05 9.98681E-05
0.998502 9.98681E-05 9.98681E-05 9.98681E-05 9.98681E-05 9.98681E-05 9.98681E-05 9.98681E-05 9.98681E-05 9.98681E-05 9.98681E-05 9.98681E-05 9.98681E-05 9.98681E-05 9.98681E-05 9.98681E-05
9.98681E-05 9.98681E-05 9.98681E-05 9.98681E-05 0.998502 9.98681E-05 9.98681E-05 9.98681E-05 9.98681E-05 9.98681E-05 9.98681E-05 9.98681E-05 9.98681E-05 9.98681E-05 9.98681E-05 9.98681E-05
9.98681E-05 9.98681E-05 9.98681E-05 9.98681E-05 0.998502 9.98681E-05 9.98681E-05 9.98681E-05 9.98681E-05 9.98681E-05 9.98681E-05 9.98681E-05 9.98681E-05 9.98681E-05 9.98681E-05 9.98681E-05
9.98681E-05 9.98681E-05 9.98681E-05 9.98681E-05 0.998502 9.98681E-05 9.98681E-05 9.98681E-05 9.98681E-05 9.98681E-05 9.98681E-05 9.98681E-05 9.98681E-05 9.98681E-05 9.98681E-05 9.98681E-05
9.98682E-05 9.98682E-05 9.98682E-05 9.98682E-05 0.998502 9.98682E-05 9.98682E-05 9.98682E-05 9.98682E-05 9.98682E-05 9.98682E-05 9.98682E-05 9.98682E-05 9.98682E-05 9.98682E-05 9.98682E-05
0.998502 9.9868E-05 9.9868E-05 9.9868E-05 9.9868E-05 9.9868E-05 9.9868E-05 9.9868E-05 9.9868E-05 9.9868E-05 9.9868E-05 9.9868E-05 9.9868E-05 9.9868E-05 9.9868E-05 9.9868E-05
9.98681E-05 9.98681E-05 9.98681E-05 9.98681E-05 0.998502 9.98681E-05 9.98681E-05 9.98681E-05 9.98681E-05 9.98681E-05 9.98681E-05 9.98681E-05 9.98681E-05 9.98681E-05 9.98681E-05 9.98681E-05
9.98681E-05 9.98681E-05 9.98681E-05 9.98681E-05 0.998502 9.98681E-05 9.98681E-05 9.98681E-05 9.98681E-05 9.98681E-05 9.98681E-05 9.98681E-05 9.98681E-05 9.98681E-05 9.98681E-05 9.98681E-05
0.0844026 0.00246959 0.161961 9.99121E-05 0.0574935 9.99121E-05 9.99121E-05 9.99121E-05 9.99121E-05 9.99121E-05 0.0665348 0.626139 9.99121E-05 9.99121E-05 9.99121E-05 9.99121E-05
0.998502 9.98681E-05 9.98681E-05 9.98681E-05 9.98681E-05 9.98681E-05 9.98681E-05 9.98681E-05 9.98681E-05 9.98681E-05 9.98681E-05 9.98681E-05 9.98681E-05 9.98681E-05 9.98681E-05 9.98681E-05
9.98682E-05 9.98682E-05 9.98682E-05 9.98682E-05 0.998502 9.98682E-05 9.98682E-05 9.98682E-05 9.98682E-05 9.98682E-05 9.98682E-05 9.98682E-05 9.98682E-05 9.98682E-05 9.98682E-05 9.98682E-05
9.98681E-05 9.98681E-05 9.98681E-05 9.98681E-05 0.998502 9.98681E-05 9.98681E-05 9.98681E-05 9.98681E-05 9.98681E-05 9.98681E-05 9.98681E-05 9.98681E-05 9.98681E-05 9.98681E-05 9.98681E-05
9.98682E-05 9.98682E-05 9.98682E-05 9.98682E-05 0.998502 9.98682E-05 9.98682E-05 9.98682E-05 9.98682E-05 9.98682E-05 9.98682E-05 9.98682E-05 9.98682E-05 9.98682E-05 9.98682E-05 9.98682E-05
9.98681E-05 9.98681E-05 9.98681E-05 9.98681E-05 0.998502 9.98681E-05 9.98681E-05 9.98681E-05 9.98681E-05 9.98681E-05 9.98681E-05 9.98681E-05 9.98681E-05 9.98681E-05 9.98681E-05 9.98681E-05
0.998502 9.98682E-05 9.98682E-05 9.98682E-05 9.98682E-05 9.98682E-05 9.98682E-05 9.98682E-05 9.98682E-05 9.98682E-05 9.98682E-05 9.98682E-05 9.98682E-05 9.98682E-05 9.98682E-05 9.98682E-05
9.98682E-05 9.98682E-05 9.98682E-05 9.98682E-05 0.998502 9.98682E-05 9.98682E-05 9.98682E-05 9.98682E-05 9.98682E-05 9.98682E-05 9.98682E-05 9.98682E-05 9.98682E-05 9.98682E-05 9.98682E-05
0.998502 9.98682E-05 9.98682E-05 9.98682E-05 9.98682E-05 9.98682E-05 9.98682E-05 9.98682E-05 9.98682E-05 9.98682E-05 9.98682E-05 9.98682E-05 9.98682E-05 9.98682E-05 9.98682E-05 9.98682E-05
9.9868E-05 9.9868E-05 9.9868E-05 9.9868E-05 0.998502 9.9868E-05 9.9868E-05 9.9868E-05 9.9868E-05 9.9868E-05 9.9868E-05 9.9868E-05 9.9868E-05 9.9868E-05 9.9868E-05 9.9868E-05
0.998502 9.98681E-05 9.98681E-05 9.98681E-05 9.98681E-05 9.98681E-05 9.98681E-05 9.98681E-05 9.98681E-05 9.98681E-05 9.98681E-05 9.98681E-05 9.98681E-05 9.98681E-05 9.98681E-05 9.98681E-05
9.98681E-05 9.98681E-05 9.98681E-05 9.98681E-05 0.998502 9.98681E-05 9.98681E-05 9.98681E-05 9.98681E-05 9.98681E-05 9.98681E-05 9.98681E-05 9.98681E-05 9.98681E-05 9.98681E-05 9.98681E-05
9.9868E-05 9.9868E-05 9.9868E-05 9.9868E-05 0.998502 9.9868E-05 9.9868E-05 9.9868E-05 9.9868E-05 9.9868E-05 9.9868E-05 9.9868E-05 9.9868E-05 9.9868E-05 9.9868E-05 9.9868E-05
9.98681E-05 9.98681E-05 9.98681E-05 9.98681E-05 0.998502 9.98681E-05 9.98681E-05 9.98681E-05 9.98681E-05 9.98681E-05 9.98681E-05 9.98681E-05 9.98681E-05 9.98681E-05 9.98681E-05 9.98681E-05
9.98681E-05 9.98681E-05 9.98681E-05 9.98681E-05 0.998502 9.98681E-05 9.98681E-05 9.98681E-05 9.98681E-05 9.98681E-05 9.98681E-05 9.98681E-05 9.98681E-05 9.98681E-05 9.98681E-05 9.98681E-05
9.98681E-05 9.98681E-05 9.98681E-05 9.98681E-05 0.998502 9.98681E-05 9.98681E-05 9.98681E-05 9.98681E-05 9.98681E-05 9.98681E-05 9.98681E-05 9.98681E-05 9.98681E-05 9.98681E-05 9.98681E-05
9.98681E-05 9.98681E-05 9.98681E-05 9.98681E-05 0.998502 9.98681E-05 9.98681E-05 9.98681E-05 9.98681E-05 9.98681E-05 9.98681E-05 9.98681E-05 9.98681E-05 9.98681E-05 9.98681E-05 9.98681E-05
0.998502 9.98681E-05 9.98681E-05 9.98681E-05 9.98681E-05 9.98681E-05 9.98681E-05 9.98681E-05 9.98681E-05 9.98681E-05 9.98681E-05 9.98681E-05 9.98681E-05 9.98681E-05 9.98681E-05 9.98681E-05
0.998502 9.98681E-05 9.98681E-05 9.98681E-05 9.98681E-05 9.98681E-05 9.98681E-05 9.98681E-05 9.98681E-05 9.98681E-05 9.98681E-05 9.98681E-05 9.98681E-05 9.98681E-05 9.98681E-05 9.98681E-05
0.998502 9.98682E-05 9.98682E-05 9.98682E-05 9.98682E-05 9.98682E-05 9.98682E-05 9.98682E-05 9.98682E-05 9.98682E-05 9.98682E-05 9.98682E-05 9.98682E-05 9.98682E-05 9.98682E-05 9.98682E-05
9.98681E-05 9.98681E-05 9.98681E-05 9.98681E-05 0.998502 9.98681E-05 9.98681E-05 9.98681E-05 9.98681E-05 9.98681E-05 9.98681E-05 9.98681E-05 9.98681E-05 9.98681E-05 9.98681E-05 9.98681E-05
0.998502 9.98681E-05 9.98681E-05 9.98681E-05 9.98681E-05 9.98681E-05 9.98681E-05 9.98681E-05 9.98681E-05 9.98681E-05 9.98681E-05 9.98681E-05 9.98681E-05 9.98681E-05 9.98681E-05 9.98681E-05
0.998502 9.98681E-05 9.98681E-05 9.98681E-05 9.98681E-05 9.98681E-05 9.98681E-05 9.98681E-05 9.98681E-05 9.98681E-05 9.98681E-05 9.98681E-05 9.98681E-05 9.98681E-05 9.98681E-05 9.98681E-05
0.998502 9.98682E-05 9.98682E-05 9.98682E-05 9.98682E-05 9.98682E-05 9.98682E-05 9.98682E-05 9.98682E-05 9.98682E-05 9.98682E-05 9.98682E-05 9.98682E-05 9.98682E-05 9.98682E-05 9.98682E-05
9.98681E-05 9.98681E-05 9.98681E-05 9.98681E-05 0.998502 9.98681E-05 9.98681E-05 9.98681E-05 9.98681E-05 9.98681E-05 9.98681E-05 9.98681E-05 9.98681E-05 9.98681E-05 9.98681E-05 9.98681E-05
9.98681E-05 9.98681E-05 9.98681E-05 9.98681E-05 0.998502 9.98681E-05 9.98681E-05 9.98681E-05 9.98681E-05 9.98681E-05 9.98681E-05 9.98681E-05 9.98681E-05 9.98681E-05 9.98681E-05 9.98681E-05
