9.99649E-05 0.734885 0.118912 9.99649E-05 0.145803 9.99649E-05 9.99649E-05
9.9965E-05 0.888374 0.00279677 0.10843 9.9965E-05 9.9965E-05 9.9965E-05
9.9965E-05 0.950241 9.9965E-05 0.0329138 9.9965E-05 9.9965E-05 0.0164454
0.0633421 0.418614 0.038023 0.261116 0.188366 0.0304386 9.99912E-05
9.995E-05 0.725984 9.995E-05 0.273516 9.995E-05 9.995E-05 9.995E-05
0.35501 0.280197 9.99737E-05 0.349605 0.0148872 9.99737E-05 9.99737E-05
9.998E-05 0.55447 0.0830955 0.165586 0.144189 9.998E-05 0.0524592
0.339332 0.185531 0.0565257 0.312647 0.0119278 9.99912E-05 0.0939361
0.333296 0.454659 9.99824E-05 0.0322781 0.175392 0.00417452 9.99824E-05
9.995E-05 0.9994 9.995E-05 9.995E-05 9.995E-05 9.995E-05 9.995E-05
9.99562E-05 0.864508 0.134992 9.99562E-05 9.99562E-05 9.99562E-05 9.99562E-05
9.99738E-05 0.869687 0.0255529 0.0916809 9.99738E-05 9.99738E-05 0.0127794
9.99562E-05 0.995445 9.99562E-05 0.00405541 9.99562E-05 9.99562E-05 9.99562E-05
0.0527008 0.812009 0.073542 9.99738E-05 9.99738E-05 9.99738E-05 0.0614481
0.322701 0.563097 9.99649E-05 9.99649E-05 0.113802 9.99649E-05 9.99649E-05
0.170415 0.508622 0.02867 9.99824E-05 0.099327 9.99824E-05 0.192767
0.0449662 0.800589 0.0900679 9.99738E-05 9.99738E-05 9.99738E-05 0.0640771
0.0304614 0.576507 0.219977 0.0445321 0.0408697 0.0875522 9.99912E-05
0.0599106 0.647906 0.0365387 0.13933 0.116114 9.99825E-05 9.99825E-05
9.99563E-05 0.985117 9.99563E-05 9.99563E-05 9.99563E-05 0.014383 9.99563E-05
0.0367516 0.539815 0.0693868 0.289871 0.0489719 9.99912E-05 0.015104
0.344061 0.302594 0.00264624 0.350399 9.99737E-05 9.99737E-05 9.99737E-05
0.00308427 0.917031 0.0794846 9.9965E-05 9.9965E-05 9.9965E-05 9.9965E-05
9.996E-05 0.784729 9.996E-05 9.996E-05 0.150219 9.996E-05 0.0646529
0.120355 0.63455 0.0418684 0.00238972 0.0409907 0.154769 0.00507759
9.9965E-05 0.893678 9.9965E-05 0.0722975 9.9965E-05 9.9965E-05 0.0336242
0.30035 0.40418 0.106777 9.99824E-05 0.0839837 9.99824E-05 0.10451
9.9965E-05 0.850276 9.9965E-05 0.0213412 0.127983 9.9965E-05 9.9965E-05
9.995E-05 0.9994 9.995E-05 9.995E-05 9.995E-05 9.995E-05 9.995E-05
0.0316402 0.924604 0.0342689 0.00918655 9.99738E-05 9.99738E-05 9.99738E-05
9.99562E-05 0.831846 0.167654 9.99562E-05 9.99562E-05 9.99562E-05 9.99562E-05
0.157023 0.711574 0.0505592 0.0805439 9.99737E-05 9.99737E-05 9.99737E-05
9.99649E-05 0.848838 0.0813686 9.99649E-05 9.99649E-05 9.99649E-05 0.0693936
0.0548792 0.743292 0.138755 0.00483447 9.99912E-05 0.00428111 0.053859
9.99563E-05 0.919722 0.0797782 9.99563E-05 9.99563E-05 9.99563E-05 9.99563E-05
9.9965E-05 0.761869 0.0901156 9.9965E-05 0.147615 9.9965E-05 9.9965E-05
9.99563E-05 0.866451 9.99563E-05 9.99563E-05 9.99563E-05 9.99563E-05 0.13305
0.180612 0.721091 9.9965E-05 9.9965E-05 9.9965E-05 0.0978967 9.9965E-05
0.104852 0.80428 9.9965E-05 0.0904678 9.9965E-05 9.9965E-05 9.9965E-05
0.00490926 0.817536 9.9965E-05 9.9965E-05 9.9965E-05 9.9965E-05 0.177155
9.99737E-05 0.907795 0.0347727 0.0538767 0.00325543 9.99737E-05 9.99737E-05
9.99563E-05 0.962984 9.99563E-05 9.99563E-05 0.0365162 9.99563E-05 9.99563E-05
9.99563E-05 0.899403 9.99563E-05 0.100097 9.99563E-05 9.99563E-05 9.99563E-05
0.0727241 0.825645 0.0798877 9.99737E-05 0.0214436 9.99737E-05 9.99737E-05
9.996E-05 0.637728 9.996E-05 0.262493 0.0993784 9.996E-05 9.996E-05
9.9965E-05 0.855437 9.9965E-05 0.13314 9.9965E-05 0.0110235 9.9965E-05
0.00786679 0.862041 0.129692 9.9965E-05 9.9965E-05 9.9965E-05 9.9965E-05
9.995E-05 0.9994 9.995E-05 9.995E-05 9.995E-05 9.995E-05 9.995E-05
9.99737E-05 0.90818 0.0240773 0.046777 9.99737E-05 9.99737E-05 0.0206658
9.99651E-05 0.732451 0.101876 9.99651E-05 9.99651E-05 9.99651E-05 0.165273
0.0619981 0.618609 0.118899 0.134399 0.0658951 9.99824E-05 9.99824E-05
9.99737E-05 0.656181 9.99737E-05 0.196712 0.132001 9.99737E-05 0.0148064
9.995E-05 0.9994 9.995E-05 9.995E-05 9.995E-05 9.995E-05 9.995E-05
9.99738E-05 0.672935 0.0678502 0.0340704 9.99738E-05 9.99738E-05 0.224845
9.9965E-05 0.928141 9.9965E-05 9.9965E-05 0.0669167 9.9965E-05 0.00454278
9.99825E-05 0.802758 0.0218119 0.164029 9.99825E-05 0.000290594 0.0109109
9.99737E-05 0.801327 0.0808649 0.113341 9.99737E-05 9.99737E-05 0.00416693
9.9965E-05 0.914409 0.0252892 9.9965E-05 0.0599022 9.9965E-05 9.9965E-05
9.99563E-05 0.894531 0.104969 9.99563E-05 9.99563E-05 9.99563E-05 9.99563E-05
0.153754 0.537637 0.207667 9.99824E-05 0.0864505 0.0142915 9.99824E-05
0.163822 0.572871 9.99737E-05 9.99737E-05 0.15575 9.99737E-05 0.107257
0.0739679 0.602269 0.142847 9.99737E-05 9.99737E-05 9.99737E-05 0.180616
0.734408 0.156815 0.0913913 9.99824E-05 0.00271469 9.99824E-05 0.0144709
0.0689194 0.617222 0.206424 0.00612029 0.0505229 9.99912E-05 0.050692
0.23394 0.578019 0.0616311 9.99736E-05 0.126109 9.99736E-05 9.99736E-05
0.283037 0.535651 0.155191 9.99736E-05 0.0258209 9.99736E-05 9.99736E-05
0.498814 0.290295 0.157076 9.997E-05 9.997E-05 9.997E-05 0.0535145
0.263861 0.627372 0.0971461 9.997E-05 9.997E-05 9.997E-05 0.0113203
0.0985793 0.608702 0.208203 0.00399777 0.0803182 9.99825E-05 9.99825E-05
0.1918 0.505761 0.293148 9.99736E-05 9.99736E-05 0.00899083 9.99736E-05
0.0041938 0.399727 0.22083 0.172068 0.144228 9.99912E-05 0.0588538
0.347461 0.301551 0.164532 0.186157 9.99736E-05 9.99736E-05 9.99736E-05
0.22685 0.477172 9.99736E-05 0.23172 9.99736E-05 9.99736E-05 0.0639574
0.212029 0.606715 0.0781562 9.997E-05 9.997E-05 9.997E-05 0.1028
0.175786 0.613747 0.133352 0.0295619 0.0473535 9.99825E-05 9.99825E-05
0.272609 0.350139 0.0575695 0.104958 0.0522502 9.999E-05 0.162373
0.124382 0.392635 0.341299 9.997E-05 0.141385 9.997E-05 9.997E-05
0.121941 0.505876 0.296123 0.0757604 9.99737E-05 9.99737E-05 9.99737E-05
0.168712 0.589425 0.101855 9.99736E-05 9.99736E-05 9.99736E-05 0.139708
0.158312 0.638239 9.99738E-05 0.05881 9.99738E-05 9.99738E-05 0.144339
0.221419 0.531783 0.224114 9.99737E-05 0.0223835 9.99737E-05 9.99737E-05
0.336355 0.574091 0.0767749 9.99737E-05 9.99737E-05 9.99737E-05 0.0124791
0.229514 0.409802 0.221221 0.0358566 0.0840363 9.99912E-05 0.0194701
0.0639957 0.659597 0.224876 0.0281715 0.0231597 9.99824E-05 9.99824E-05
0.123259 0.82749 0.00768122 9.99737E-05 9.99737E-05 0.0412701 9.99737E-05
0.161796 0.65831 0.013371 0.0732091 0.0500661 9.999E-05 0.0431474
0.0297419 0.763524 9.99737E-05 9.99737E-05 0.183575 9.99737E-05 0.0228595
0.124548 0.624329 0.200899 9.99737E-05 0.0499242 9.99737E-05 9.99737E-05
0.254271 0.711218 9.9965E-05 9.9965E-05 9.9965E-05 9.9965E-05 0.0341114
0.927413 9.99649E-05 0.0284239 0.0437631 9.99649E-05 9.99649E-05 9.99649E-05
0.959926 0.0395741 9.99563E-05 9.99563E-05 9.99563E-05 9.99563E-05 9.99563E-05
0.758169 9.99649E-05 0.240138 0.00129282 9.99649E-05 9.99649E-05 9.99649E-05
0.83037 9.99648E-05 0.12174 9.99648E-05 9.99648E-05 0.0474903 9.99648E-05
0.857729 9.99736E-05 9.99736E-05 9.99736E-05 0.0280344 0.0882041 0.0257326
0.935656 9.99648E-05 9.99648E-05 9.99648E-05 0.0046951 0.0592486 9.99648E-05
0.85223 0.00219467 0.110946 9.99737E-05 9.99737E-05 0.0343295 9.99737E-05
0.979615 9.99561E-05 0.0198851 9.99561E-05 9.99561E-05 9.99561E-05 9.99561E-05
0.9994 9.995E-05 9.995E-05 9.995E-05 9.995E-05 9.995E-05 9.995E-05
0.846817 0.0816954 0.0710878 9.99648E-05 9.99648E-05 9.99648E-05 9.99648E-05
0.9994 9.995E-05 9.995E-05 9.995E-05 9.995E-05 9.995E-05 9.995E-05
0.86476 0.020417 0.0857723 9.99737E-05 9.99737E-05 0.0287504 9.99737E-05
0.917136 9.99649E-05 9.99649E-05 9.99649E-05 9.99649E-05 0.0132005 0.0692642
0.893561 0.105939 9.99561E-05 9.99561E-05 9.99561E-05 9.99561E-05 9.99561E-05
0.76214 9.99649E-05 0.131511 9.99649E-05 9.99649E-05 9.99649E-05 0.105948
0.793775 0.0978039 0.0265555 9.99912E-05 0.00429309 0.0558785 0.0215938
0.875071 9.99561E-05 9.99561E-05 9.99561E-05 9.99561E-05 0.124429 9.99561E-05
0.816857 9.99649E-05 9.99649E-05 0.137871 0.0448719 9.99649E-05 9.99649E-05
0.902887 9.99649E-05 9.99649E-05 0.0867639 9.99649E-05 0.00994879 9.99649E-05
0.823567 0.120168 9.99649E-05 9.99649E-05 9.99649E-05 0.0558652 9.99649E-05
0.829687 9.99649E-05 9.99649E-05 0.131648 9.99649E-05 0.0382654 9.99649E-05
0.855202 9.99561E-05 0.144298 9.99561E-05 9.99561E-05 9.99561E-05 9.99561E-05
0.850672 9.99648E-05 9.99648E-05 0.0291343 9.99648E-05 0.119794 9.99648E-05
0.992152 9.99561E-05 9.99561E-05 9.99561E-05 9.99561E-05 0.00734801 9.99561E-05
0.814719 9.99649E-05 9.99649E-05 0.0473346 9.99649E-05 0.137547 9.99649E-05
0.94184 0.0265389 0.00537788 9.997E-05 9.997E-05 9.997E-05 0.0259434
0.681618 0.219709 9.9965E-05 9.9965E-05 9.9965E-05 0.0982732 9.9965E-05
0.759302 9.99648E-05 9.99648E-05 0.18012 9.99648E-05 0.0601784 9.99648E-05
0.805229 0.0492683 9.99649E-05 9.99649E-05 9.99649E-05 0.145103 9.99649E-05
0.860185 9.99649E-05 0.00968415 9.99649E-05 9.99649E-05 0.129731 9.99649E-05
0.721585 0.155652 9.997E-05 9.997E-05 9.997E-05 0.0046286 0.117835
0.797382 9.99649E-05 0.113282 9.99649E-05 9.99649E-05 0.0889362 9.99649E-05
0.806027 9.997E-05 0.0064432 9.997E-05 9.997E-05 0.165907 0.0213226
0.895515 9.99561E-05 9.99561E-05 9.99561E-05 9.99561E-05 0.103985 9.99561E-05
0.931291 9.99561E-05 9.99561E-05 9.99561E-05 9.99561E-05 0.0682092 9.99561E-05
0.917107 9.99824E-05 0.0241031 9.99824E-05 0.0158598 0.0110945 0.0316351
0.860174 9.99649E-05 0.135234 9.99649E-05 9.99649E-05 0.00419178 9.99649E-05
0.988648 9.99562E-05 9.99562E-05 0.0108523 9.99562E-05 9.99562E-05 9.99562E-05
0.902746 9.9965E-05 0.0115858 9.9965E-05 9.9965E-05 0.0852688 9.9965E-05
0.85668 9.9965E-05 9.9965E-05 0.0731673 9.9965E-05 0.0697528 9.9965E-05
0.916054 9.99562E-05 9.99562E-05 9.99562E-05 9.99562E-05 0.0834467 9.99562E-05
0.784563 0.202102 9.99648E-05 9.99648E-05 9.99648E-05 0.0129351 9.99648E-05
0.911153 9.99561E-05 9.99561E-05 0.0883475 9.99561E-05 9.99561E-05 9.99561E-05
0.935484 0.0269007 9.996E-05 9.996E-05 9.996E-05 0.0372155 9.996E-05
0.936416 0.0630843 9.99562E-05 9.99562E-05 9.99562E-05 9.99562E-05 9.99562E-05
0.835151 9.99648E-05 0.0150689 9.99648E-05 9.99648E-05 0.14938 9.99648E-05
0.781624 9.99562E-05 0.217876 9.99562E-05 9.99562E-05 9.99562E-05 9.99562E-05
0.854514 9.99649E-05 9.99649E-05 9.99649E-05 0.0166482 9.99649E-05 0.128438
0.791966 0.0264872 0.0435276 0.0442365 9.99824E-05 0.0935822 9.99824E-05
0.985016 9.99562E-05 9.99562E-05 9.99562E-05 9.99562E-05 0.0144839 9.99562E-05
0.686095 0.102481 9.99824E-05 9.99824E-05 0.0871782 0.121489 0.00255664
0.9994 9.995E-05 9.995E-05 9.995E-05 9.995E-05 9.995E-05 9.995E-05
0.942812 9.99562E-05 0.0566883 9.99562E-05 9.99562E-05 9.99562E-05 9.99562E-05
0.892135 9.99561E-05 9.99561E-05 9.99561E-05 9.99561E-05 9.99561E-05 0.107365
0.804597 9.99649E-05 0.123939 9.99649E-05 9.99649E-05 0.0710641 9.99649E-05
0.996871 9.9956E-05 9.9956E-05 9.9956E-05 9.9956E-05 0.00262887 9.9956E-05
0.920564 9.99561E-05 9.99561E-05 9.99561E-05 9.99561E-05 0.0789364 9.99561E-05
0.889116 9.99648E-05 9.99648E-05 9.99648E-05 9.99648E-05 0.0643922 0.0460918
0.747292 9.99561E-05 9.99561E-05 9.99561E-05 9.99561E-05 0.252208 9.99561E-05
0.9994 9.995E-05 9.995E-05 9.995E-05 9.995E-05 9.995E-05 9.995E-05
9.99559E-05 0.96958 9.99559E-05 9.99559E-05 9.99559E-05 0.0299204 9.99559E-05
0.9994 9.995E-05 9.995E-05 9.995E-05 9.995E-05 9.995E-05 9.995E-05
9.995E-05 0.9994 9.995E-05 9.995E-05 9.995E-05 9.995E-05 9.995E-05
0.9994 9.995E-05 9.995E-05 9.995E-05 9.995E-05 9.995E-05 9.995E-05
0.9994 9.995E-05 9.995E-05 9.995E-05 9.995E-05 9.995E-05 9.995E-05
0.9994 9.995E-05 9.995E-05 9.995E-05 9.995E-05 9.995E-05 9.995E-05
9.995E-05 0.9994 9.995E-05 9.995E-05 9.995E-05 9.995E-05 9.995E-05
0.9994 9.995E-05 9.995E-05 9.995E-05 9.995E-05 9.995E-05 9.995E-05
0.9994 9.995E-05 9.995E-05 9.995E-05 9.995E-05 9.995E-05 9.995E-05
9.99559E-05 0.975045 9.99559E-05 9.99559E-05 9.99559E-05 0.0244554 9.99559E-05
9.99559E-05 0.993587 9.99559E-05 9.99559E-05 9.99559E-05 0.00591293 9.99559E-05
9.99559E-05 0.989609 9.99559E-05 9.99559E-05 9.99559E-05 0.00989162 9.99559E-05
0.9994 9.995E-05 9.995E-05 9.995E-05 9.995E-05 9.995E-05 9.995E-05
0.9994 9.995E-05 9.995E-05 9.995E-05 9.995E-05 9.995E-05 9.995E-05
9.99559E-05 0.96958 9.99559E-05 9.99559E-05 9.99559E-05 0.0299204 9.99559E-05
9.995E-05 0.9994 9.995E-05 9.995E-05 9.995E-05 9.995E-05 9.995E-05
0.669234 9.99736E-05 9.99736E-05 9.99736E-05 0.124635 0.0501167 0.155714
9.99559E-05 0.954214 9.99559E-05 9.99559E-05 9.99559E-05 0.0452865 9.99559E-05
0.9994 9.995E-05 9.995E-05 9.995E-05 9.995E-05 9.995E-05 9.995E-05
9.995E-05 0.9994 9.995E-05 9.995E-05 9.995E-05 9.995E-05 9.995E-05
0.0373361 0.962164 9.99559E-05 9.99559E-05 9.99559E-05 9.99559E-05 9.99559E-05
0.000400996 0.999099 9.99559E-05 9.99559E-05 9.99559E-05 9.99559E-05 9.99559E-05
0.9994 9.995E-05 9.995E-05 9.995E-05 9.995E-05 9.995E-05 9.995E-05
9.99559E-05 0.985911 9.99559E-05 9.99559E-05 9.99559E-05 0.0135892 9.99559E-05
0.9994 9.995E-05 9.995E-05 9.995E-05 9.995E-05 9.995E-05 9.995E-05
9.9956E-05 0.920854 9.9956E-05 9.9956E-05 9.9956E-05 0.0786462 9.9956E-05
9.99559E-05 0.986606 9.99559E-05 9.99559E-05 9.99559E-05 0.0128939 9.99559E-05
0.9994 9.995E-05 9.995E-05 9.995E-05 9.995E-05 9.995E-05 9.995E-05
0.9994 9.995E-05 9.995E-05 9.995E-05 9.995E-05 9.995E-05 9.995E-05
0.9994 9.995E-05 9.995E-05 9.995E-05 9.995E-05 9.995E-05 9.995E-05
0.0490579 0.84934 9.99647E-05 9.99647E-05 9.99647E-05 0.101202 9.99647E-05
9.99559E-05 0.953305 9.99559E-05 9.99559E-05 9.99559E-05 0.0461952 9.99559E-05
9.99559E-05 0.984461 9.99559E-05 9.99559E-05 9.99559E-05 0.0150389 9.99559E-05
9.995E-05 0.9994 9.995E-05 9.995E-05 9.995E-05 9.995E-05 9.995E-05
9.99559E-05 0.982938 9.99559E-05 9.99559E-05 9.99559E-05 0.0165625 9.99559E-05
0.9994 9.995E-05 9.995E-05 9.995E-05 9.995E-05 9.995E-05 9.995E-05
0.9994 9.995E-05 9.995E-05 9.995E-05 9.995E-05 9.995E-05 9.995E-05
0.9994 9.995E-05 9.995E-05 9.995E-05 9.995E-05 9.995E-05 9.995E-05
9.995E-05 0.9994 9.995E-05 9.995E-05 9.995E-05 9.995E-05 9.995E-05
0.9994 9.995E-05 9.995E-05 9.995E-05 9.995E-05 9.995E-05 9.995E-05
0.9994 9.995E-05 9.995E-05 9.995E-05 9.995E-05 9.995E-05 9.995E-05
0.9994 9.995E-05 9.995E-05 9.995E-05 9.995E-05 9.995E-05 9.995E-05
0.9994 9.995E-05 9.995E-05 9.995E-05 9.995E-05 9.995E-05 9.995E-05
9.995E-05 0.9994 9.995E-05 9.995E-05 9.995E-05 9.995E-05 9.995E-05
0.9994 9.995E-05 9.995E-05 9.995E-05 9.995E-05 9.995E-05 9.995E-05
0.9994 9.995E-05 9.995E-05 9.995E-05 9.995E-05 9.995E-05 9.995E-05
0.682493 9.997E-05 9.997E-05 9.997E-05 0.119838 0.112523 0.0848469
9.99559E-05 0.955754 9.99559E-05 9.99559E-05 9.99559E-05 0.0437463 9.99559E-05
0.9994 9.995E-05 9.995E-05 9.995E-05 9.995E-05 9.995E-05 9.995E-05
0.9994 9.995E-05 9.995E-05 9.995E-05 9.995E-05 9.995E-05 9.995E-05
0.9994 9.995E-05 9.995E-05 9.995E-05 9.995E-05 9.995E-05 9.995E-05
0.9994 9.995E-05 9.995E-05 9.995E-05 9.995E-05 9.995E-05 9.995E-05
9.995E-05 0.9994 9.995E-05 9.995E-05 9.995E-05 9.995E-05 9.995E-05
0.9994 9.995E-05 9.995E-05 9.995E-05 9.995E-05 9.995E-05 9.995E-05
9.995E-05 0.9994 9.995E-05 9.995E-05 9.995E-05 9.995E-05 9.995E-05
0.9994 9.995E-05 9.995E-05 9.995E-05 9.995E-05 9.995E-05 9.995E-05
9.99559E-05 0.94654 9.99559E-05 9.99559E-05 9.99559E-05 0.0529601 9.99559E-05
0.9994 9.995E-05 9.995E-05 9.995E-05 9.995E-05 9.995E-05 9.995E-05
0.9994 9.995E-05 9.995E-05 9.995E-05 9.995E-05 9.995E-05 9.995E-05
0.9994 9.995E-05 9.995E-05 9.995E-05 9.995E-05 9.995E-05 9.995E-05
0.9994 9.995E-05 9.995E-05 9.995E-05 9.995E-05 9.995E-05 9.995E-05
0.9994 9.995E-05 9.995E-05 9.995E-05 9.995E-05 9.995E-05 9.995E-05
0.9994 9.995E-05 9.995E-05 9.995E-05 9.995E-05 9.995E-05 9.995E-05
9.995E-05 0.9994 9.995E-05 9.995E-05 9.995E-05 9.995E-05 9.995E-05
9.995E-05 0.9994 9.995E-05 9.995E-05 9.995E-05 9.995E-05 9.995E-05
9.99559E-05 0.940111 9.99559E-05 9.99559E-05 9.99559E-05 0.0593895 9.99559E-05
0.9994 9.995E-05 9.995E-05 9.995E-05 9.995E-05 9.995E-05 9.995E-05
9.99559E-05 0.983497 9.99559E-05 9.99559E-05 9.99559E-05 0.0160035 9.99559E-05
9.995E-05 0.9994 9.995E-05 9.995E-05 9.995E-05 9.995E-05 9.995E-05
9.995E-05 0.9994 9.995E-05 9.995E-05 9.995E-05 9.995E-05 9.995E-05
0.9994 9.995E-05 9.995E-05 9.995E-05 9.995E-05 9.995E-05 9.995E-05
0.9994 9.995E-05 9.995E-05 9.995E-05 9.995E-05 9.995E-05 9.995E-05
0.9994 9.995E-05 9.995E-05 9.995E-05 9.995E-05 9.995E-05 9.995E-05
9.995E-05 0.9994 9.995E-05 9.995E-05 9.995E-05 9.995E-05 9.995E-05
0.9994 9.995E-05 9.995E-05 9.995E-05 9.995E-05 9.995E-05 9.995E-05
0.9994 9.995E-05 9.995E-05 9.995E-05 9.995E-05 9.995E-05 9.995E-05
9.995E-05 0.9994 9.995E-05 9.995E-05 9.995E-05 9.995E-05 9.995E-05
0.9994 9.995E-05 9.995E-05 9.995E-05 9.995E-05 9.995E-05 9.995E-05
0.9994 9.995E-05 9.995E-05 9.995E-05 9.995E-05 9.995E-05 9.995E-05
0.62822 0.0722555 0.248282 9.998E-05 9.998E-05 0.0232518 0.0277913
9.99559E-05 0.970563 9.99559E-05 9.99559E-05 9.99559E-05 0.0289377 9.99559E-05
0.9994 9.995E-05 9.995E-05 9.995E-05 9.995E-05 9.995E-05 9.995E-05
0.882786 9.99561E-05 9.99561E-05 9.99561E-05 9.99561E-05 9.99561E-05 0.116714
0.808403 9.99736E-05 9.99736E-05 0.05651 0.0554123 0.0793748 9.99736E-05
0.80899 0.0253235 9.99649E-05 9.99649E-05 0.165287 9.99649E-05 9.99649E-05
0.66957 0.0624366 0.0233565 9.99912E-05 0.0742519 0.0992266 0.0710583
0.962243 0.0163646 9.99648E-05 9.99648E-05 9.99648E-05 0.0209928 9.99648E-05
0.986404 9.99563E-05 9.99563E-05 0.0130962 9.99563E-05 9.99563E-05 9.99563E-05
0.851605 9.996E-05 9.996E-05 9.996E-05 0.12414 0.023855 9.996E-05
0.841625 9.99649E-05 0.116574 9.99649E-05 9.99649E-05 0.0414011 9.99649E-05
0.9994 9.995E-05 9.995E-05 9.995E-05 9.995E-05 9.995E-05 9.995E-05
0.727965 0.0795164 9.99912E-05 0.0430223 0.0422044 0.0843275 0.0228647
0.79291 0.0778179 0.128872 9.99649E-05 9.99649E-05 9.99649E-05 9.99649E-05
0.9994 9.995E-05 9.995E-05 9.995E-05 9.995E-05 9.995E-05 9.995E-05
0.724548 0.105511 9.99648E-05 9.99648E-05 9.99648E-05 9.99648E-05 0.16954
0.889 9.996E-05 0.0255561 9.996E-05 9.996E-05 0.0850439 9.996E-05
0.966679 9.9956E-05 9.9956E-05 9.9956E-05 9.9956E-05 0.0328213 9.9956E-05
0.909735 9.99561E-05 9.99561E-05 0.0897649 9.99561E-05 9.99561E-05 9.99561E-05
0.884172 9.9965E-05 0.101546 9.9965E-05 9.9965E-05 0.0138819 9.9965E-05
0.581322 0.0964611 0.106304 9.99824E-05 9.99824E-05 0.0532402 0.162473
0.865631 9.99648E-05 9.99648E-05 0.0228561 9.99648E-05 0.111113 9.99648E-05
0.859245 9.9956E-05 9.9956E-05 0.140255 9.9956E-05 9.9956E-05 9.9956E-05
0.860425 9.99648E-05 9.99648E-05 0.0835897 9.99648E-05 0.055585 9.99648E-05
0.975419 9.99561E-05 9.99561E-05 9.99561E-05 9.99561E-05 9.99561E-05 0.0240817
0.717837 9.99737E-05 0.12331 9.99737E-05 9.99737E-05 0.103943 0.0546095
0.918583 9.99736E-05 0.00473028 0.0595435 9.99736E-05 0.0168432 9.99736E-05
0.883077 9.99648E-05 0.00139087 9.99648E-05 9.99648E-05 0.115132 9.99648E-05
0.9994 9.995E-05 9.995E-05 9.995E-05 9.995E-05 9.995E-05 9.995E-05
0.880433 9.996E-05 9.996E-05 0.109878 9.996E-05 0.00928906 9.996E-05
0.892692 9.99561E-05 9.99561E-05 9.99561E-05 0.106809 9.99561E-05 9.99561E-05
0.722772 9.99736E-05 9.99736E-05 0.102388 9.99736E-05 0.108854 0.0656857
0.71213 9.99649E-05 0.166882 9.99649E-05 9.99649E-05 0.120588 9.99649E-05
0.943287 9.99561E-05 9.99561E-05 0.056213 9.99561E-05 9.99561E-05 9.99561E-05
0.9994 9.995E-05 9.995E-05 9.995E-05 9.995E-05 9.995E-05 9.995E-05
0.9388 9.9956E-05 9.9956E-05 0.0607003 9.9956E-05 9.9956E-05 9.9956E-05
0.846877 0.016098 0.102913 0.0338119 9.99737E-05 9.99737E-05 9.99737E-05
0.805222 9.99648E-05 0.157515 0.0368634 9.99648E-05 9.99648E-05 9.99648E-05
0.877182 9.99649E-05 9.99649E-05 9.99649E-05 9.99649E-05 0.101908 0.0205103
0.986761 9.995E-05 9.995E-05 9.995E-05 9.995E-05 0.0127392 9.995E-05
0.563891 0.141043 0.120361 9.99736E-05 9.99736E-05 9.99736E-05 0.174405
0.75046 9.99737E-05 0.123361 9.99737E-05 9.99737E-05 0.00245124 0.123428
0.66591 9.99649E-05 9.99649E-05 0.31732 9.99649E-05 0.0163701 9.99649E-05
0.88076 9.99736E-05 0.0197235 0.0142151 9.99736E-05 0.0850013 9.99736E-05
0.672357 9.99737E-05 9.99737E-05 0.315635 9.99737E-05 0.00294533 0.00876278
0.747859 9.99648E-05 9.99648E-05 0.119322 0.13242 9.99648E-05 9.99648E-05
0.9994 9.995E-05 9.995E-05 9.995E-05 9.995E-05 9.995E-05 9.995E-05
0.989524 9.9956E-05 0.00997635 9.9956E-05 9.9956E-05 9.9956E-05 9.9956E-05
0.864075 9.99648E-05 0.0079376 9.99648E-05 9.99648E-05 0.127588 9.99648E-05
0.9994 9.995E-05 9.995E-05 9.995E-05 9.995E-05 9.995E-05 9.995E-05
0.915268 9.99648E-05 0.0272138 9.99648E-05 9.99648E-05 0.0571188 9.99648E-05
0.971431 9.99562E-05 9.99562E-05 0.0280697 9.99562E-05 9.99562E-05 9.99562E-05
0.800656 0.0363076 0.0263813 9.99736E-05 9.99736E-05 9.99736E-05 0.136355
0.9994 9.995E-05 9.995E-05 9.995E-05 9.995E-05 9.995E-05 9.995E-05
0.85802 0.019984 0.0775728 9.99737E-05 9.99737E-05 0.0441233 9.99737E-05
0.64991 0.18148 9.99648E-05 0.168211 9.99648E-05 9.99648E-05 9.99648E-05
0.9994 9.995E-05 9.995E-05 9.995E-05 9.995E-05 9.995E-05 9.995E-05
0.663441 9.99736E-05 9.99736E-05 0.262111 9.99736E-05 0.0532976 0.0208498
0.9994 9.995E-05 9.995E-05 9.995E-05 9.995E-05 9.995E-05 9.995E-05
0.858892 0.140608 9.99562E-05 9.99562E-05 9.99562E-05 9.99562E-05 9.99562E-05
0.9994 9.995E-05 9.995E-05 9.995E-05 9.995E-05 9.995E-05 9.995E-05
0.938047 0.029934 9.99649E-05 9.99649E-05 9.99649E-05 0.0316186 9.99649E-05
0.9994 9.995E-05 9.995E-05 9.995E-05 9.995E-05 9.995E-05 9.995E-05
0.9994 9.995E-05 9.995E-05 9.995E-05 9.995E-05 9.995E-05 9.995E-05
0.994515 9.99563E-05 9.99563E-05 9.99563E-05 9.99563E-05 0.00498481 9.99563E-05
0.683811 0.256405 9.99737E-05 9.99737E-05 0.00662847 0.052856 9.99737E-05
0.882186 9.99649E-05 0.0581468 9.99649E-05 9.99649E-05 0.0592678 9.99649E-05
0.890392 9.9956E-05 9.9956E-05 9.9956E-05 9.9956E-05 0.109108 9.9956E-05
0.972276 9.99561E-05 9.99561E-05 9.99561E-05 9.99561E-05 9.99561E-05 0.0272246
0.996919 9.99562E-05 9.99562E-05 9.99562E-05 9.99562E-05 0.00258136 9.99562E-05
0.872544 0.0264093 9.99649E-05 9.99649E-05 9.99649E-05 0.100647 9.99649E-05
0.9114 9.99645E-05 9.99645E-05 9.99645E-05 9.99645E-05 0.0881001 9.99645E-05
0.962765 9.99562E-05 9.99562E-05 9.99562E-05 9.99562E-05 0.0367356 9.99562E-05
0.829994 0.0578169 9.99649E-05 9.99649E-05 9.99649E-05 0.111789 9.99649E-05
0.692245 0.307255 9.99563E-05 9.99563E-05 9.99563E-05 9.99563E-05 9.99563E-05
0.944694 0.0548067 9.99561E-05 9.99561E-05 9.99561E-05 9.99561E-05 9.99561E-05
0.687489 9.99737E-05 0.111329 9.99737E-05 9.99737E-05 0.0853879 0.115494
0.989731 0.00976878 9.99562E-05 9.99562E-05 9.99562E-05 9.99562E-05 9.99562E-05
0.9994 9.995E-05 9.995E-05 9.995E-05 9.995E-05 9.995E-05 9.995E-05
0.848486 0.151014 9.99562E-05 9.99562E-05 9.99562E-05 9.99562E-05 9.99562E-05
0.870909 0.0222046 0.0372812 0.0693049 9.99736E-05 9.99736E-05 9.99736E-05
0.9994 9.995E-05 9.995E-05 9.995E-05 9.995E-05 9.995E-05 9.995E-05
0.9994 9.995E-05 9.995E-05 9.995E-05 9.995E-05 9.995E-05 9.995E-05
0.854445 9.99736E-05 9.99736E-05 0.0738855 0.0297049 0.0416652 9.99736E-05
0.772007 9.99736E-05 0.0558098 0.108978 9.99736E-05 0.0629057 9.99736E-05
0.964468 0.0350325 9.99562E-05 9.99562E-05 9.99562E-05 9.99562E-05 9.99562E-05
0.976905 9.99649E-05 0.00236599 9.99649E-05 9.99649E-05 0.0203294 9.99649E-05
0.818687 9.99561E-05 9.99561E-05 9.99561E-05 9.99561E-05 0.180813 9.99561E-05
0.9994 9.995E-05 9.995E-05 9.995E-05 9.995E-05 9.995E-05 9.995E-05
0.742344 9.99649E-05 0.143634 9.99649E-05 9.99649E-05 0.113622 9.99649E-05
0.963285 9.9956E-05 0.0362151 9.9956E-05 9.9956E-05 9.9956E-05 9.9956E-05
0.736511 0.0471936 9.998E-05 9.998E-05 0.164641 0.0111712 0.0402832
0.890703 9.9956E-05 9.9956E-05 9.9956E-05 9.9956E-05 0.108797 9.9956E-05
0.61667 0.169092 9.99649E-05 9.99649E-05 9.99649E-05 0.213838 9.99649E-05
0.784265 0.0852434 0.130092 9.99648E-05 9.99648E-05 9.99648E-05 9.99648E-05
0.967117 0.0323835 9.99561E-05 9.99561E-05 9.99561E-05 9.99561E-05 9.99561E-05
0.715813 9.99736E-05 0.132829 9.99736E-05 9.99736E-05 0.144887 0.00617125
0.9994 9.995E-05 9.995E-05 9.995E-05 9.995E-05 9.995E-05 9.995E-05
0.964014 0.0015455 9.99737E-05 0.0263998 9.99737E-05 0.00774053 9.99737E-05
0.708091 9.99561E-05 9.99561E-05 0.291409 9.99561E-05 9.99561E-05 9.99561E-05
0.780807 0.0518885 0.0788323 0.0881726 9.99736E-05 9.99736E-05 9.99736E-05
0.695901 0.24901 0.054689 9.99649E-05 9.99649E-05 9.99649E-05 9.99649E-05
0.592096 0.32715 9.99736E-05 9.99736E-05 0.0389045 0.0415498 9.99736E-05
0.633175 9.99824E-05 0.129698 0.123079 9.99824E-05 0.0570536 0.0567947
0.742091 0.181563 9.99736E-05 9.99736E-05 0.0577914 0.0182547 9.99736E-05
0.608898 9.99649E-05 0.117137 9.99649E-05 9.99649E-05 0.273565 9.99649E-05
0.9994 9.995E-05 9.995E-05 9.995E-05 9.995E-05 9.995E-05 9.995E-05
0.963707 9.99563E-05 0.0357937 9.99563E-05 9.99563E-05 9.99563E-05 9.99563E-05
0.9994 9.995E-05 9.995E-05 9.995E-05 9.995E-05 9.995E-05 9.995E-05
0.588451 0.09996 0.216044 9.998E-05 9.998E-05 0.0235366 0.0718078
0.9994 9.995E-05 9.995E-05 9.995E-05 9.995E-05 9.995E-05 9.995E-05
0.93243 9.99563E-05 9.99563E-05 9.99563E-05 9.99563E-05 9.99563E-05 0.0670704
0.858493 9.99737E-05 0.0135328 0.0153834 9.99737E-05 0.11229 9.99737E-05
0.93244 9.996E-05 0.0101837 9.996E-05 9.996E-05 0.0569761 9.996E-05
0.840001 0.143976 9.99649E-05 9.99649E-05 9.99649E-05 0.0156225 9.99649E-05
0.962485 9.99561E-05 9.99561E-05 0.0370155 9.99561E-05 9.99561E-05 9.99561E-05
0.749719 0.148226 9.99824E-05 0.0339953 0.0594101 0.00844927 9.99824E-05
0.490801 0.214501 9.99824E-05 9.99824E-05 0.0492508 0.232329 0.0129177
0.9994 9.995E-05 9.995E-05 9.995E-05 9.995E-05 9.995E-05 9.995E-05
0.949011 9.99648E-05 9.99648E-05 0.0214667 9.99648E-05 0.0291226 9.99648E-05
0.642356 0.156817 0.0906634 9.99736E-05 9.99736E-05 0.109863 9.99736E-05
0.915117 9.99562E-05 9.99562E-05 9.99562E-05 9.99562E-05 0.0843835 9.99562E-05
0.55678 0.20326 0.0502231 0.0129683 0.0242329 0.0453121 0.107223
0.699876 0.120887 0.104841 0.0587053 9.99824E-05 0.0154911 9.99824E-05
0.888073 9.99648E-05 0.0900347 9.99648E-05 9.99648E-05 0.0214922 9.99648E-05
0.882157 0.0427499 9.99649E-05 9.99649E-05 9.99649E-05 0.0746933 9.99649E-05
0.718104 9.99649E-05 9.99649E-05 0.244007 9.99649E-05 0.0374888 9.99649E-05
0.9994 9.995E-05 9.995E-05 9.995E-05 9.995E-05 9.995E-05 9.995E-05
0.812877 9.99561E-05 0.186623 9.99561E-05 9.99561E-05 9.99561E-05 9.99561E-05
0.930363 9.99562E-05 9.99562E-05 9.99562E-05 9.99562E-05 0.0691376 9.99562E-05
0.990987 0.0085133 9.99563E-05 9.99563E-05 9.99563E-05 9.99563E-05 9.99563E-05
0.723223 9.99736E-05 0.0163671 9.99736E-05 9.99736E-05 0.0558224 0.204288
0.879287 9.99648E-05 9.99648E-05 0.0410987 9.99648E-05 0.0792144 9.99648E-05
0.461338 0.260285 9.99649E-05 0.277977 9.99649E-05 9.99649E-05 9.99649E-05
0.479286 0.274712 9.99737E-05 0.238326 9.99737E-05 0.00737639 9.99737E-05
0.427468 0.28106 9.99736E-05 0.213416 9.99736E-05 9.99736E-05 0.077756
0.579742 0.254968 0.00426999 0.035895 9.99825E-05 9.99825E-05 0.124926
0.52006 0.130369 0.151839 9.999E-05 0.062089 0.0097192 0.125825
0.362903 0.561339 0.0141079 0.0613509 9.99737E-05 9.99737E-05 9.99737E-05
0.422514 0.521776 0.02426 0.0268632 0.00438662 9.99824E-05 9.99824E-05
0.465506 0.199413 0.117078 9.998E-05 0.0777945 9.998E-05 0.140008
0.405323 0.334527 0.124758 9.99738E-05 0.135092 9.99738E-05 9.99738E-05
0.528913 0.330608 9.99648E-05 0.140079 9.99648E-05 9.99648E-05 9.99648E-05
0.385765 0.311617 0.13695 9.997E-05 0.165367 9.997E-05 9.997E-05
0.233396 0.612076 9.99737E-05 9.99737E-05 0.0698688 0.0843592 9.99737E-05
0.506189 0.318175 9.99648E-05 9.99648E-05 9.99648E-05 9.99648E-05 0.175236
0.356253 0.620591 9.9965E-05 9.9965E-05 0.0227564 9.9965E-05 9.9965E-05
0.392963 0.446505 0.146969 9.99737E-05 0.0132627 9.99737E-05 9.99737E-05
0.50572 0.202214 9.99649E-05 0.291666 9.99649E-05 9.99649E-05 9.99649E-05
0.452304 0.416828 0.0402517 9.99736E-05 0.0903168 9.99736E-05 9.99736E-05
0.32649 0.485872 9.99737E-05 9.99737E-05 0.170604 9.99737E-05 0.0167333
0.369507 0.343502 0.145849 9.998E-05 9.998E-05 0.0254337 0.115508
0.372864 0.457897 9.99649E-05 0.168839 9.99649E-05 9.99649E-05 9.99649E-05
0.386764 0.529852 0.0829843 9.99649E-05 9.99649E-05 9.99649E-05 9.99649E-05
0.278482 0.576191 9.99649E-05 0.144928 9.99649E-05 9.99649E-05 9.99649E-05
0.168811 0.595405 0.151642 9.998E-05 0.0302741 0.0536676 9.998E-05
0.975433 9.99561E-05 9.99561E-05 9.99561E-05 0.024067 9.99561E-05 9.99561E-05
0.87831 0.0459644 0.00970582 9.997E-05 9.997E-05 0.0657199 9.997E-05
0.878519 0.0850218 9.99648E-05 0.0360594 9.99648E-05 9.99648E-05 9.99648E-05
0.697137 0.224968 9.99648E-05 9.99648E-05 9.99648E-05 9.99648E-05 0.0774951
0.831425 0.168076 9.99561E-05 9.99561E-05 9.99561E-05 9.99561E-05 9.99561E-05
0.74835 0.19628 9.99649E-05 0.0549704 9.99649E-05 9.99649E-05 9.99649E-05
0.960884 9.99561E-05 0.0386163 9.99561E-05 9.99561E-05 9.99561E-05 9.99561E-05
0.635768 0.363733 9.99561E-05 9.99561E-05 9.99561E-05 9.99561E-05 9.99561E-05
0.786263 0.115675 9.99649E-05 9.99649E-05 0.0976612 9.99649E-05 9.99649E-05
0.801612 0.166554 0.0189528 9.99736E-05 0.0125816 9.99736E-05 9.99736E-05
0.773346 9.99736E-05 0.103277 9.99736E-05 0.105869 0.0172093 9.99736E-05
0.833276 0.0725863 9.99649E-05 0.093738 9.99649E-05 9.99649E-05 9.99649E-05
0.777359 0.1098 0.112441 9.99648E-05 9.99648E-05 9.99648E-05 9.99648E-05
0.9994 9.995E-05 9.995E-05 9.995E-05 9.995E-05 9.995E-05 9.995E-05
0.904792 0.0947081 9.99562E-05 9.99562E-05 9.99562E-05 9.99562E-05 9.99562E-05
0.989462 9.99562E-05 9.99562E-05 0.0100385 9.99562E-05 9.99562E-05 9.99562E-05
0.872088 0.0197444 0.0584929 9.99736E-05 0.0493747 9.99736E-05 9.99736E-05
0.908772 0.0907285 9.99561E-05 9.99561E-05 9.99561E-05 9.99561E-05 9.99561E-05
0.755779 0.228704 9.99736E-05 0.00154734 9.99736E-05 9.99736E-05 0.01367
0.894999 0.0111727 0.093428 9.99649E-05 9.99649E-05 9.99649E-05 9.99649E-05
0.9994 9.995E-05 9.995E-05 9.995E-05 9.995E-05 9.995E-05 9.995E-05
0.733662 0.263673 9.99649E-05 9.99649E-05 9.99649E-05 9.99649E-05 0.00226456
0.915394 9.99648E-05 9.99648E-05 0.0622401 9.99648E-05 0.0219657 9.99648E-05
0.800648 0.098204 9.9965E-05 9.9965E-05 9.9965E-05 0.100748 9.9965E-05
0.807281 0.125532 9.99649E-05 0.0667877 9.99649E-05 9.99649E-05 9.99649E-05
0.898634 0.0893838 0.0115827 9.99649E-05 9.99649E-05 9.99649E-05 9.99649E-05
0.70127 0.116469 9.99736E-05 9.99736E-05 9.99736E-05 0.00954748 0.172414
0.852073 0.12926 9.99649E-05 0.0182665 9.99649E-05 9.99649E-05 9.99649E-05
0.975834 9.9956E-05 9.9956E-05 0.0236664 9.9956E-05 9.9956E-05 9.9956E-05
0.939199 0.0603015 9.99561E-05 9.99561E-05 9.99561E-05 9.99561E-05 9.99561E-05
0.856684 0.115412 0.0172162 9.99737E-05 0.0103887 9.99737E-05 9.99737E-05
0.526008 0.388051 9.99736E-05 0.0467801 9.99736E-05 0.0388608 9.99736E-05
0.843798 0.155702 9.99562E-05 9.99562E-05 9.99562E-05 9.99562E-05 9.99562E-05
0.821808 0.177693 9.99561E-05 9.99561E-05 9.99561E-05 9.99561E-05 9.99561E-05
0.818405 0.0484223 0.132773 9.99649E-05 9.99649E-05 9.99649E-05 9.99649E-05
0.944228 0.0344324 9.99649E-05 0.0209396 9.99649E-05 9.99649E-05 9.99649E-05
0.9994 9.995E-05 9.995E-05 9.995E-05 9.995E-05 9.995E-05 9.995E-05
0.694098 0.227057 0.0784458 9.99649E-05 9.99649E-05 9.99649E-05 9.99649E-05
0.860058 0.0791755 9.99736E-05 0.0102289 9.99736E-05 9.99736E-05 0.0502379
0.902114 0.0973864 9.99562E-05 9.99562E-05 9.99562E-05 9.99562E-05 9.99562E-05
0.840776 0.158725 9.99562E-05 9.99562E-05 9.99562E-05 9.99562E-05 9.99562E-05
0.795052 0.204448 9.99561E-05 9.99561E-05 9.99561E-05 9.99561E-05 9.99561E-05
0.771051 0.132064 0.0122097 9.99736E-05 0.0843753 9.99736E-05 9.99736E-05
0.750049 0.21249 0.0370607 9.996E-05 9.996E-05 9.996E-05 9.996E-05
9.99737E-05 0.414429 0.109529 0.281018 0.194723 9.99737E-05 9.99737E-05
0.197606 0.236233 9.99824E-05 0.306445 0.0191005 9.99824E-05 0.240416
0.332298 9.99825E-05 0.140424 0.1615 9.99825E-05 0.0309152 0.334663
0.119675 0.297866 0.0911828 0.260815 0.140192 9.99912E-05 0.0901696
0.183858 0.307512 0.0296911 0.29751 0.0888804 9.99912E-05 0.0924481
0.0602085 0.383285 0.126513 0.0791374 0.350657 9.99824E-05 9.99824E-05
0.0836619 0.319698 0.102886 0.250335 0.113507 9.99912E-05 0.129813
0.0749449 0.391318 0.0301542 0.20385 0.110212 9.99912E-05 0.189422
0.577259 9.99737E-05 9.99737E-05 0.0844258 0.0302488 9.99737E-05 0.307767
0.0785509 0.291704 0.428539 9.999E-05 0.105708 0.0283526 0.0670452
0.157974 0.284035 0.116432 0.34307 0.0896739 9.999E-05 0.00871463
0.268676 0.113218 0.107214 0.083627 0.0443972 9.99912E-05 0.382769
0.207827 0.241784 0.0873678 0.150954 0.0748547 0.137298 0.0999151
0.152382 0.410352 0.11416 0.056443 0.0223685 0.00551716 0.238777
0.0781289 0.302659 0.154505 0.0973198 0.280038 9.99912E-05 0.0872492
0.10252 0.343894 0.205861 0.203684 9.99824E-05 9.99824E-05 0.143842
0.0237686 0.499889 0.0761692 0.104418 0.295555 9.99824E-05 9.99824E-05
0.261515 0.272072 9.99824E-05 0.261891 0.112327 9.99824E-05 0.0919958
0.26873 0.216434 0.250846 0.0980803 0.165709 9.99824E-05 9.99824E-05
0.0963076 0.365733 0.245965 9.998E-05 0.139985 9.998E-05 0.15181
9.995E-05 9.995E-05 0.9994 9.995E-05 9.995E-05 9.995E-05 9.995E-05
9.995E-05 9.995E-05 0.9994 9.995E-05 9.995E-05 9.995E-05 9.995E-05
9.995E-05 9.995E-05 0.9994 9.995E-05 9.995E-05 9.995E-05 9.995E-05
9.995E-05 9.995E-05 0.9994 9.995E-05 9.995E-05 9.995E-05 9.995E-05
9.995E-05 9.995E-05 0.9994 9.995E-05 9.995E-05 9.995E-05 9.995E-05
9.995E-05 9.995E-05 0.9994 9.995E-05 9.995E-05 9.995E-05 9.995E-05
9.995E-05 9.995E-05 0.9994 9.995E-05 9.995E-05 9.995E-05 9.995E-05
9.995E-05 9.995E-05 0.9994 9.995E-05 9.995E-05 9.995E-05 9.995E-05
9.995E-05 9.995E-05 0.9994 9.995E-05 9.995E-05 9.995E-05 9.995E-05
9.995E-05 9.995E-05 0.9994 9.995E-05 9.995E-05 9.995E-05 9.995E-05
9.995E-05 9.995E-05 0.9994 9.995E-05 9.995E-05 9.995E-05 9.995E-05
9.995E-05 9.995E-05 0.9994 9.995E-05 9.995E-05 9.995E-05 9.995E-05
9.995E-05 9.995E-05 0.9994 9.995E-05 9.995E-05 9.995E-05 9.995E-05
9.995E-05 9.995E-05 0.9994 9.995E-05 9.995E-05 9.995E-05 9.995E-05
9.995E-05 9.995E-05 0.9994 9.995E-05 9.995E-05 9.995E-05 9.995E-05
9.995E-05 9.995E-05 0.9994 9.995E-05 9.995E-05 9.995E-05 9.995E-05
9.995E-05 9.995E-05 0.9994 9.995E-05 9.995E-05 9.995E-05 9.995E-05
9.995E-05 9.995E-05 0.9994 9.995E-05 9.995E-05 9.995E-05 9.995E-05
9.995E-05 9.995E-05 0.9994 9.995E-05 9.995E-05 9.995E-05 9.995E-05
9.995E-05 9.995E-05 0.9994 9.995E-05 9.995E-05 9.995E-05 9.995E-05
9.995E-05 9.995E-05 0.9994 9.995E-05 9.995E-05 9.995E-05 9.995E-05
9.995E-05 9.995E-05 0.9994 9.995E-05 9.995E-05 9.995E-05 9.995E-05
9.995E-05 9.995E-05 0.9994 9.995E-05 9.995E-05 9.995E-05 9.995E-05
9.995E-05 9.995E-05 0.9994 9.995E-05 9.995E-05 9.995E-05 9.995E-05
9.995E-05 9.995E-05 0.9994 9.995E-05 9.995E-05 9.995E-05 9.995E-05
9.995E-05 9.995E-05 0.9994 9.995E-05 9.995E-05 9.995E-05 9.995E-05
9.995E-05 9.995E-05 0.9994 9.995E-05 9.995E-05 9.995E-05 9.995E-05
9.995E-05 9.995E-05 0.9994 9.995E-05 9.995E-05 9.995E-05 9.995E-05
9.995E-05 9.995E-05 0.9994 9.995E-05 9.995E-05 9.995E-05 9.995E-05
9.995E-05 9.995E-05 0.9994 9.995E-05 9.995E-05 9.995E-05 9.995E-05
9.995E-05 9.995E-05 0.9994 9.995E-05 9.995E-05 9.995E-05 9.995E-05
9.995E-05 9.995E-05 0.9994 9.995E-05 9.995E-05 9.995E-05 9.995E-05
9.995E-05 9.995E-05 0.9994 9.995E-05 9.995E-05 9.995E-05 9.995E-05
9.995E-05 9.995E-05 0.9994 9.995E-05 9.995E-05 9.995E-05 9.995E-05
9.995E-05 9.995E-05 0.9994 9.995E-05 9.995E-05 9.995E-05 9.995E-05
9.995E-05 9.995E-05 0.9994 9.995E-05 9.995E-05 9.995E-05 9.995E-05
9.995E-05 9.995E-05 0.9994 9.995E-05 9.995E-05 9.995E-05 9.995E-05
9.995E-05 9.995E-05 0.9994 9.995E-05 9.995E-05 9.995E-05 9.995E-05
9.995E-05 9.995E-05 0.9994 9.995E-05 9.995E-05 9.995E-05 9.995E-05
9.995E-05 9.995E-05 0.9994 9.995E-05 9.995E-05 9.995E-05 9.995E-05
9.995E-05 9.995E-05 0.9994 9.995E-05 9.995E-05 9.995E-05 9.995E-05
9.995E-05 9.995E-05 0.9994 9.995E-05 9.995E-05 9.995E-05 9.995E-05
9.995E-05 9.995E-05 0.9994 9.995E-05 9.995E-05 9.995E-05 9.995E-05
9.995E-05 9.995E-05 0.9994 9.995E-05 9.995E-05 9.995E-05 9.995E-05
9.995E-05 9.995E-05 0.9994 9.995E-05 9.995E-05 9.995E-05 9.995E-05
9.995E-05 9.995E-05 0.9994 9.995E-05 9.995E-05 9.995E-05 9.995E-05
9.995E-05 9.995E-05 0.9994 9.995E-05 9.995E-05 9.995E-05 9.995E-05
9.995E-05 9.995E-05 0.9994 9.995E-05 9.995E-05 9.995E-05 9.995E-05
9.995E-05 9.995E-05 0.9994 9.995E-05 9.995E-05 9.995E-05 9.995E-05
9.995E-05 9.995E-05 0.9994 9.995E-05 9.995E-05 9.995E-05 9.995E-05
9.995E-05 9.995E-05 0.9994 9.995E-05 9.995E-05 9.995E-05 9.995E-05
9.995E-05 9.995E-05 0.9994 9.995E-05 9.995E-05 9.995E-05 9.995E-05
9.995E-05 9.995E-05 0.9994 9.995E-05 9.995E-05 9.995E-05 9.995E-05
9.995E-05 9.995E-05 0.9994 9.995E-05 9.995E-05 9.995E-05 9.995E-05
9.995E-05 9.995E-05 0.9994 9.995E-05 9.995E-05 9.995E-05 9.995E-05
9.995E-05 9.995E-05 0.9994 9.995E-05 9.995E-05 9.995E-05 9.995E-05
9.995E-05 9.995E-05 0.9994 9.995E-05 9.995E-05 9.995E-05 9.995E-05
9.995E-05 9.995E-05 0.9994 9.995E-05 9.995E-05 9.995E-05 9.995E-05
9.995E-05 9.995E-05 0.9994 9.995E-05 9.995E-05 9.995E-05 9.995E-05
9.995E-05 9.995E-05 0.9994 9.995E-05 9.995E-05 9.995E-05 9.995E-05
9.995E-05 9.995E-05 0.9994 9.995E-05 9.995E-05 9.995E-05 9.995E-05
9.995E-05 9.995E-05 0.9994 9.995E-05 9.995E-05 9.995E-05 9.995E-05
9.995E-05 9.995E-05 0.9994 9.995E-05 9.995E-05 9.995E-05 9.995E-05
9.9956E-05 9.9956E-05 0.943428 9.9956E-05 9.9956E-05 9.9956E-05 0.056072
9.9956E-05 9.9956E-05 0.933188 9.9956E-05 9.9956E-05 9.9956E-05 0.066312
9.9956E-05 9.9956E-05 0.869684 9.9956E-05 9.9956E-05 9.9956E-05 0.129816
9.9956E-05 9.9956E-05 0.937588 9.9956E-05 9.9956E-05 9.9956E-05 0.0619125
9.99648E-05 9.99648E-05 0.951559 9.99648E-05 0.0149086 9.99648E-05 0.0331323
9.9956E-05 9.9956E-05 0.957935 9.9956E-05 9.9956E-05 9.9956E-05 0.041565
9.9956E-05 9.9956E-05 0.937649 9.9956E-05 9.9956E-05 9.9956E-05 0.0618516
9.99561E-05 9.99561E-05 0.99677 9.99561E-05 9.99561E-05 9.99561E-05 0.00273057
9.9956E-05 9.9956E-05 0.986998 9.9956E-05 9.9956E-05 9.9956E-05 0.0125022
9.99648E-05 9.99648E-05 0.940149 9.99648E-05 0.00657957 9.99648E-05 0.0528714
9.99648E-05 9.99648E-05 0.866871 9.99648E-05 0.0113944 9.99648E-05 0.121334
9.9956E-05 9.9956E-05 0.968919 9.9956E-05 9.9956E-05 9.9956E-05 0.0305811
9.9956E-05 9.9956E-05 0.885077 9.9956E-05 9.9956E-05 9.9956E-05 0.114424
9.99648E-05 9.99648E-05 0.916537 9.99648E-05 0.0427079 9.99648E-05 0.0403552
9.9956E-05 9.9956E-05 0.861345 9.9956E-05 9.9956E-05 9.9956E-05 0.138155
9.9956E-05 9.9956E-05 0.951102 9.9956E-05 9.9956E-05 9.9956E-05 0.0483985
9.9956E-05 9.9956E-05 0.893623 9.9956E-05 9.9956E-05 9.9956E-05 0.105877
9.9956E-05 9.9956E-05 0.957344 9.9956E-05 9.9956E-05 9.9956E-05 0.0421565
9.99736E-05 9.99736E-05 0.924743 9.99736E-05 0.0664107 0.00811737 0.000429148
9.99648E-05 9.99648E-05 0.912415 9.99648E-05 0.0569882 9.99648E-05 0.0301971
9.9956E-05 9.9956E-05 0.975005 9.9956E-05 9.9956E-05 9.9956E-05 0.0244948
9.9956E-05 9.9956E-05 0.995282 9.9956E-05 9.9956E-05 9.9956E-05 0.00421788
9.99561E-05 9.99561E-05 0.931926 9.99561E-05 9.99561E-05 9.99561E-05 0.0675745
9.9956E-05 9.9956E-05 0.890108 9.9956E-05 9.9956E-05 9.9956E-05 0.109393
9.9956E-05 9.9956E-05 0.922057 9.9956E-05 9.9956E-05 9.9956E-05 0.0774428
9.9956E-05 9.9956E-05 0.946105 9.9956E-05 9.9956E-05 9.9956E-05 0.0533955
9.99648E-05 9.99648E-05 0.836925 9.99648E-05 0.0263949 9.99648E-05 0.13628
9.99648E-05 9.99648E-05 0.90159 9.99648E-05 0.0481461 9.99648E-05 0.0498641
9.9956E-05 9.9956E-05 0.942743 9.9956E-05 9.9956E-05 9.9956E-05 0.0567569
9.9956E-05 9.9956E-05 0.957439 9.9956E-05 9.9956E-05 9.9956E-05 0.0420616
9.99648E-05 9.99648E-05 0.929744 9.99648E-05 0.0496206 9.99648E-05 0.0202358
9.9956E-05 9.9956E-05 0.943837 9.9956E-05 9.9956E-05 9.9956E-05 0.0556636
9.9956E-05 9.9956E-05 0.953672 9.9956E-05 9.9956E-05 9.9956E-05 0.0458284
9.99648E-05 9.99648E-05 0.828913 9.99648E-05 0.000338683 9.99648E-05 0.170349
9.997E-05 9.997E-05 0.677703 9.997E-05 0.139766 0.0128014 0.16943
9.9956E-05 9.9956E-05 0.956386 9.9956E-05 9.9956E-05 9.9956E-05 0.0431145
9.99648E-05 9.99648E-05 0.79147 9.99648E-05 0.164962 9.99648E-05 0.0431683
9.9956E-05 9.9956E-05 0.967707 9.9956E-05 9.9956E-05 9.9956E-05 0.0317932
9.9956E-05 9.9956E-05 0.990813 9.9956E-05 9.9956E-05 9.9956E-05 0.00868675
9.99648E-05 9.99648E-05 0.925013 9.99648E-05 0.0387649 9.99648E-05 0.0358227
9.9956E-05 9.9956E-05 0.914393 9.9956E-05 9.9956E-05 9.9956E-05 0.0851076
9.9956E-05 9.9956E-05 0.959277 9.9956E-05 9.9956E-05 9.9956E-05 0.0402231
9.9956E-05 9.9956E-05 0.852178 9.9956E-05 9.9956E-05 9.9956E-05 0.147322
