9.99298E-05 0.0351404 9.99298E-05 9.99298E-05 9.99298E-05 0.0755309 0.0444484 0.162256 9.99298E-05 0.00638641 0.217831 9.99298E-05 0.385008 0.0109458 0.0369019 9.99298E-05 9.99298E-05 0.0247514
0.0463091 9.9886E-05 9.9886E-05 9.9886E-05 9.9886E-05 9.9886E-05 0.0810096 9.9886E-05 9.9886E-05 9.9886E-05 0.148479 9.9886E-05 0.703402 9.9886E-05 9.9886E-05 0.0195017 9.9886E-05 9.9886E-05
9.98947E-05 0.00830014 0.0379173 9.98947E-05 9.98947E-05 0.0335126 9.98947E-05 0.0215411 9.98947E-05 9.98947E-05 9.98947E-05 9.98947E-05 0.891495 9.98947E-05 9.98947E-05 9.98947E-05 0.00603499 9.98947E-05
9.99035E-05 9.99035E-05 0.116729 9.99035E-05 0.0899552 9.99035E-05 9.99035E-05 0.138075 0.298645 0.0562062 9.99035E-05 9.99035E-05 0.240223 9.99035E-05 0.0590673 9.99035E-05 9.99035E-05 9.99035E-05
0.150973 9.98596E-05 9.98596E-05 9.98596E-05 9.98596E-05 9.98596E-05 9.98596E-05 9.98596E-05 9.98596E-05 9.98596E-05 9.98596E-05 9.98596E-05 0.847429 9.98596E-05 9.98596E-05 9.98596E-05 9.98596E-05 9.98596E-05
0.120525 9.99123E-05 0.126503 9.99123E-05 0.228745 9.99123E-05 0.108664 9.99123E-05 0.028247 9.99123E-05 0.0414657 9.99123E-05 0.260958 0.0838938 9.99123E-05 9.99123E-05 9.99123E-05 9.99123E-05
9.99211E-05 0.0247091 9.99211E-05 9.99211E-05 9.99211E-05 0.0277605 0.141471 0.0298442 0.17317 0.126187 0.118326 9.99211E-05 0.256863 9.99211E-05 9.99211E-05 9.99211E-05 0.10077 9.99211E-05
0.0777837 9.99292E-05 0.0832581 0.0759997 0.162387 9.99292E-05 9.99292E-05 0.180223 0.12055 9.99292E-05 0.0550776 9.99292E-05 0.172126 9.99292E-05 0.0716952 9.99292E-05 9.99292E-05 9.99292E-05
9.98948E-05 0.202424 9.98948E-05 9.98948E-05 0.225462 0.232295 9.98948E-05 0.0317807 9.98948E-05 9.98948E-05 0.00831919 9.98948E-05 0.298521 9.98948E-05 9.98948E-05 9.98948E-05 9.98948E-05 9.98948E-05
9.98595E-05 0.0595302 9.98595E-05 9.98595E-05 9.98595E-05 9.98595E-05 9.98595E-05 9.98595E-05 9.98595E-05 9.98595E-05 9.98595E-05 9.98595E-05 0.938872 9.98595E-05 9.98595E-05 9.98595E-05 9.98595E-05 9.98595E-05
9.98947E-05 0.189639 9.98947E-05 9.98947E-05 9.98947E-05 9.98947E-05 9.98947E-05 0.180039 9.98947E-05 0.0843232 0.0249693 9.98947E-05 0.476882 9.98947E-05 9.98947E-05 0.0429485 9.98947E-05 9.98947E-05
9.98947E-05 0.0114343 9.98947E-05 0.0229985 9.98947E-05 9.98947E-05 9.98947E-05 9.98947E-05 0.0594903 0.0313624 0.00819592 9.98947E-05 0.86532 9.98947E-05 9.98947E-05 9.98947E-05 9.98947E-05 9.98947E-05
9.98684E-05 0.0833358 9.98684E-05 9.98684E-05 9.98684E-05 9.98684E-05 9.98684E-05 0.124328 9.98684E-05 9.98684E-05 9.98684E-05 9.98684E-05 0.790838 9.98684E-05 9.98684E-05 9.98684E-05 9.98684E-05 9.98684E-05
9.99123E-05 0.0607683 0.107825 0.00931671 9.99123E-05 9.99123E-05 9.99123E-05 9.99123E-05 9.99123E-05 0.0371848 9.99123E-05 0.0294863 0.681398 9.99123E-05 0.0503036 9.99123E-05 9.99123E-05 0.0227189
9.99122E-05 0.136938 0.0906333 9.99122E-05 0.136635 0.01047 9.99122E-05 0.031285 9.99122E-05 9.99122E-05 0.221484 9.99122E-05 0.244929 9.99122E-05 9.99122E-05 9.99122E-05 9.99122E-05 0.126626
9.99122E-05 0.175672 9.99122E-05 0.126432 0.156116 9.99122E-05 9.99122E-05 0.0253412 0.0643826 9.99122E-05 0.217094 9.99122E-05 0.174398 9.99122E-05 0.059565 9.99122E-05 9.99122E-05 9.99122E-05
9.99035E-05 0.0784205 9.99035E-05 9.99035E-05 9.99035E-05 9.99035E-05 0.0424028 9.99035E-05 0.0356176 9.99035E-05 9.99035E-05 0.178456 0.584576 9.99035E-05 0.0302733 9.99035E-05 9.99035E-05 0.0491556
9.99035E-05 0.143873 9.99035E-05 9.99035E-05 0.0396976 9.99035E-05 9.99035E-05 0.234855 9.99035E-05 9.99035E-05 0.156688 9.99035E-05 0.146067 0.170456 9.99035E-05 0.107265 9.99035E-05 9.99035E-05
9.99034E-05 0.120125 9.99034E-05 9.99034E-05 0.134943 9.99034E-05 9.99034E-05 0.145753 0.0489956 9.99034E-05 9.99034E-05 9.99034E-05 0.351357 0.0470474 9.99034E-05 9.99034E-05 9.99034E-05 0.15068
9.98596E-05 9.98596E-05 9.98596E-05 9.98596E-05 0.0424204 9.98596E-05 9.98596E-05 9.98596E-05 9.98596E-05 9.98596E-05 9.98596E-05 9.98596E-05 0.955982 9.98596E-05 9.98596E-05 9.98596E-05 9.98596E-05 9.98596E-05
0.0288344 0.0193424 0.0539708 0.124533 0.125432 9.99386E-05 9.99386E-05 0.0287946 0.0865952 0.0819047 9.99386E-05 9.99386E-05 0.43116 9.99386E-05 9.99386E-05 0.00662934 9.99386E-05 0.0121032
0.19263 9.99035E-05 9.99035E-05 9.99035E-05 0.121539 9.99035E-05 0.00403466 0.303938 9.99035E-05 9.99035E-05 9.99035E-05 9.99035E-05 0.240697 0.0201626 9.99035E-05 9.99035E-05 9.99035E-05 0.115901
9.9886E-05 0.0917717 0.00446181 9.9886E-05 9.9886E-05 9.9886E-05 9.9886E-05 9.9886E-05 9.9886E-05 0.0447641 0.281487 9.9886E-05 0.576217 9.9886E-05 9.9886E-05 9.9886E-05 9.9886E-05 9.9886E-05
9.9886E-05 0.225006 9.9886E-05 0.023758 9.9886E-05 0.139261 9.9886E-05 0.224195 9.9886E-05 9.9886E-05 9.9886E-05 9.9886E-05 0.386481 9.9886E-05 9.9886E-05 9.9886E-05 9.9886E-05 9.9886E-05
9.99122E-05 0.251136 0.130135 9.99122E-05 0.0389569 9.99122E-05 9.99122E-05 0.0352274 9.99122E-05 0.0575507 9.99122E-05 9.99122E-05 0.282391 9.99122E-05 9.99122E-05 0.0888337 9.99122E-05 0.11477
9.98859E-05 0.106408 0.0143715 9.98859E-05 9.98859E-05 9.98859E-05 9.98859E-05 0.153343 9.98859E-05 9.98859E-05 9.98859E-05 9.98859E-05 0.711805 9.98859E-05 9.98859E-05 9.98859E-05 0.0127737 9.98859E-05
9.99034E-05 0.082268 0.285039 0.084692 9.99034E-05 9.99034E-05 9.99034E-05 0.341338 9.99034E-05 9.99034E-05 0.051899 9.99034E-05 0.0125938 0.141071 9.99034E-05 9.99034E-05 9.99034E-05 9.99034E-05
9.98772E-05 0.0142373 9.98772E-05 9.98772E-05 9.98772E-05 9.98772E-05 9.98772E-05 0.161719 0.0908933 9.98772E-05 9.98772E-05 9.98772E-05 0.731753 9.98772E-05 9.98772E-05 9.98772E-05 9.98772E-05 9.98772E-05
9.98773E-05 0.158831 9.98773E-05 9.98773E-05 9.98773E-05 9.98773E-05 9.98773E-05 0.154016 9.98773E-05 9.98773E-05 0.0818357 9.98773E-05 0.603919 9.98773E-05 9.98773E-05 9.98773E-05 9.98773E-05 9.98773E-05
9.99123E-05 0.0268206 0.0444188 9.99123E-05 0.0715394 9.99123E-05 9.99123E-05 9.99123E-05 9.99123E-05 9.99123E-05 0.00523282 0.0353457 0.793569 9.99123E-05 0.0140529 9.99123E-05 0.00802147 9.99123E-05
9.99122E-05 0.00244295 9.99122E-05 9.99122E-05 0.00462545 9.99122E-05 9.99122E-05 0.118155 9.99122E-05 0.0621979 0.139032 9.99122E-05 0.611166 0.052785 9.99122E-05 0.00859629 9.99122E-05 9.99122E-05
9.99035E-05 0.0528442 0.229023 9.99035E-05 0.0365803 9.99035E-05 9.99035E-05 0.0720764 0.0131061 0.058215 9.99035E-05 9.99035E-05 0.537056 9.99035E-05 9.99035E-05 9.99035E-05 9.99035E-05 9.99035E-05
9.99034E-05 0.140432 0.0295782 0.0482574 9.99034E-05 9.99034E-05 9.99034E-05 0.0886505 9.99034E-05 0.088168 0.0890564 9.99034E-05 0.514759 9.99034E-05 9.99034E-05 9.99034E-05 9.99034E-05 9.99034E-05
9.99211E-05 0.0871863 0.239311 0.0068876 9.99211E-05 9.99211E-05 9.99211E-05 0.0802618 9.99211E-05 0.0208197 9.99211E-05 9.99211E-05 0.463784 0.0479229 0.0301614 0.0227658 9.99211E-05 9.99211E-05
9.98948E-05 0.0180298 9.98948E-05 9.98948E-05 9.98948E-05 9.98948E-05 0.0873326 9.98948E-05 9.98948E-05 0.0375034 9.98948E-05 9.98948E-05 0.808437 9.98948E-05 9.98948E-05 0.0431351 9.98948E-05 0.00436385
9.99211E-05 0.020938 9.99211E-05 9.99211E-05 0.0141062 0.0587766 0.0753599 0.0513977 0.103689 0.00371254 9.99211E-05 9.99211E-05 0.66024 9.99211E-05 9.99211E-05 0.0108804 9.99211E-05 9.99211E-05
9.9886E-05 9.9886E-05 9.9886E-05 0.0120023 9.9886E-05 9.9886E-05 0.0488742 9.9886E-05 0.0383754 9.9886E-05 9.9886E-05 9.9886E-05 0.865524 9.9886E-05 9.9886E-05 9.9886E-05 0.0339256 9.9886E-05
9.9886E-05 0.102285 9.9886E-05 9.9886E-05 0.152904 9.9886E-05 9.9886E-05 0.025204 9.9886E-05 9.9886E-05 9.9886E-05 9.9886E-05 0.635756 9.9886E-05 9.9886E-05 0.0825523 9.9886E-05 9.9886E-05
0.0342882 0.202292 0.0335996 9.99211E-05 0.00273905 9.99211E-05 0.0694963 0.026074 9.99211E-05 0.02537 9.99211E-05 0.0718677 0.533374 9.99211E-05 9.99211E-05 9.99211E-05 9.99211E-05 9.99211E-05
9.98859E-05 0.130946 0.154012 0.127629 9.98859E-05 9.98859E-05 9.98859E-05 9.99155E-05 9.98859E-05 9.98859E-05 9.98859E-05 9.98859E-05 0.586015 9.98859E-05 9.98859E-05 9.98859E-05 9.98859E-05 9.98859E-05
9.98859E-05 0.0876315 9.98859E-05 9.98859E-05 9.98859E-05 9.98859E-05 9.98859E-05 0.127758 0.0447397 0.0182183 9.98859E-05 9.98859E-05 0.720354 9.98859E-05 9.98859E-05 9.98859E-05 9.98859E-05 9.98859E-05
9.98861E-05 0.0558161 9.98861E-05 9.98861E-05 0.0124685 0.0552904 9.98861E-05 0.24725 9.98861E-05 9.98861E-05 9.98861E-05 9.98861E-05 0.627877 9.98861E-05 9.98861E-05 9.98861E-05 9.98861E-05 9.98861E-05
9.98684E-05 9.98684E-05 9.98684E-05 9.98684E-05 9.98684E-05 9.98684E-05 9.98684E-05 0.0720041 9.98684E-05 9.98684E-05 9.98684E-05 0.0423499 0.884148 9.98684E-05 9.98684E-05 9.98684E-05 9.98684E-05 9.98684E-05
9.99035E-05 0.175597 9.99035E-05 9.99035E-05 0.0938016 0.0508071 9.99035E-05 0.150744 9.99035E-05 0.0188189 0.14676 9.99035E-05 0.362372 9.99035E-05 9.99035E-05 9.99035E-05 9.99035E-05 9.99035E-05
0.00642439 0.178261 9.98859E-05 9.98859E-05 9.98859E-05 9.98859E-05 9.98859E-05 0.428611 0.157739 9.98859E-05 9.98859E-05 9.98859E-05 0.227667 9.98859E-05 9.98859E-05 9.98859E-05 9.98859E-05 9.98859E-05
0.0138201 0.0137693 9.99034E-05 9.99034E-05 0.00469642 9.99034E-05 9.99034E-05 0.0163327 0.0426368 9.99034E-05 9.99034E-05 9.99034E-05 0.841441 9.99034E-05 9.99034E-05 0.0662043 9.99034E-05 9.99034E-05
9.98859E-05 0.092001 9.98859E-05 9.98859E-05 0.0363348 9.98859E-05 9.98859E-05 9.98859E-05 9.98859E-05 0.0308011 9.98859E-05 9.98859E-05 0.787455 0.0521094 9.98859E-05 9.98859E-05 9.98859E-05 9.98859E-05
9.98684E-05 9.98684E-05 9.98684E-05 9.98684E-05 9.98684E-05 9.98684E-05 9.98684E-05 9.98684E-05 9.98684E-05 9.98684E-05 0.00875378 9.98684E-05 0.979854 0.0098942 9.98684E-05 9.98684E-05 9.98684E-05 9.98684E-05
9.98771E-05 0.164216 9.98771E-05 9.98771E-05 9.98771E-05 9.98771E-05 9.98771E-05 0.112123 9.98771E-05 9.98771E-05 9.98771E-05 9.98771E-05 0.632282 9.98771E-05 0.0899811 9.98771E-05 9.98771E-05 9.98771E-05
9.99212E-05 9.99212E-05 0.00267322 9.99212E-05 0.0232365 9.99212E-05 0.00197083 9.99212E-05 9.99212E-05 0.0115592 9.99212E-05 9.99212E-05 0.700378 0.00826147 9.99212E-05 0.075327 0.120467 0.0552273
9.99385E-05 0.164219 0.0373669 0.0269903 0.0635455 0.0493054 9.99385E-05 0.0863162 0.0197623 0.151524 0.0321025 9.99385E-05 0.365639 9.99385E-05 9.99385E-05 0.00252852 9.99385E-05 9.99385E-05
0.0562375 9.99035E-05 9.99035E-05 0.0419361 9.99035E-05 0.0169239 9.99035E-05 0.219562 0.0439539 9.99035E-05 9.99035E-05 9.99035E-05 0.612974 9.99035E-05 9.99035E-05 0.00731314 9.99035E-05 9.99035E-05
9.98859E-05 0.0274854 9.98859E-05 9.98859E-05 0.0261646 9.98859E-05 0.00565731 9.98859E-05 9.98859E-05 9.98859E-05 9.98859E-05 9.98859E-05 0.886406 0.0529878 9.98859E-05 9.98859E-05 9.98859E-05 9.98859E-05
0.0244445 0.0588754 9.99124E-05 0.147608 0.0618386 9.99124E-05 9.99124E-05 9.99124E-05 9.99124E-05 9.99124E-05 9.99124E-05 9.99124E-05 0.651151 0.0017757 0.0239281 9.99124E-05 0.02938 9.99124E-05
9.9886E-05 0.112591 9.9886E-05 9.9886E-05 9.9886E-05 0.073481 9.9886E-05 9.9886E-05 9.9886E-05 0.00247624 9.9886E-05 9.9886E-05 0.739329 9.9886E-05 9.9886E-05 9.9886E-05 9.9886E-05 0.0708241
0.070048 9.9886E-05 0.165423 0.0138149 9.9886E-05 9.9886E-05 9.9886E-05 9.9886E-05 9.9886E-05 9.9886E-05 9.9886E-05 9.9886E-05 0.69944 9.9886E-05 9.9886E-05 0.0499758 9.9886E-05 9.9886E-05
9.98947E-05 9.98947E-05 9.98947E-05 9.98947E-05 0.0416158 9.98947E-05 0.00971726 0.091807 0.0493486 9.98947E-05 9.98947E-05 9.98947E-05 0.725691 0.0806215 9.98947E-05 9.98947E-05 9.98947E-05 9.98947E-05
9.98772E-05 0.0430933 9.98772E-05 9.98772E-05 9.98772E-05 9.98772E-05 9.98772E-05 9.98772E-05 0.0589508 0.0248699 9.98772E-05 9.98772E-05 0.871688 9.98772E-05 9.98772E-05 9.98772E-05 9.98772E-05 9.98772E-05
9.98859E-05 9.98859E-05 9.98859E-05 9.98859E-05 0.0300226 9.98859E-05 0.0375352 9.98859E-05 9.98859E-05 0.033861 9.98859E-05 9.98859E-05 0.833158 9.98859E-05 9.98859E-05 9.98859E-05 0.0641252 9.98859E-05
9.99034E-05 0.111513 9.99034E-05 9.99034E-05 0.0373777 9.99034E-05 9.99034E-05 0.00328552 9.99034E-05 0.0991736 0.733761 9.99034E-05 9.99034E-05 0.00501484 9.99034E-05 0.00877524 9.99034E-05 9.99034E-05
9.98597E-05 9.98597E-05 9.98597E-05 0.0105688 9.98597E-05 9.98597E-05 9.98597E-05 9.98597E-05 9.98597E-05 9.98597E-05 0.987833 9.98597E-05 9.98597E-05 9.98597E-05 9.98597E-05 9.98597E-05 9.98597E-05 9.98597E-05
9.98683E-05 9.98683E-05 9.98683E-05 9.98683E-05 9.98683E-05 9.98683E-05 9.98683E-05 9.98683E-05 9.98683E-05 9.98683E-05 0.928084 9.98683E-05 9.98683E-05 0.0637549 9.98683E-05 9.98683E-05 0.00666272 9.98683E-05
9.99034E-05 0.0411335 0.176328 9.99034E-05 0.124526 9.99034E-05 0.265338 9.99034E-05 9.99034E-05 9.99034E-05 0.333916 9.99034E-05 9.99034E-05 0.00566464 9.99034E-05 9.99034E-05 0.051995 9.99034E-05
9.99033E-05 0.0204676 9.99033E-05 9.99033E-05 0.0667915 9.99033E-05 9.99033E-05 0.0626545 9.99033E-05 9.99033E-05 0.716594 9.99033E-05 9.99033E-05 0.0371505 9.99033E-05 0.0665529 0.0286898 9.99033E-05
9.98857E-05 0.183879 9.98857E-05 9.98857E-05 0.0398772 9.98857E-05 9.98857E-05 0.0541408 9.98857E-05 9.98857E-05 0.701782 9.98857E-05 9.98857E-05 0.0190217 9.98857E-05 9.98857E-05 9.98857E-05 9.98857E-05
9.98858E-05 0.152557 9.98858E-05 9.98858E-05 9.98858E-05 9.98858E-05 0.266635 9.98858E-05 0.00537878 0.0556094 0.518521 9.98858E-05 9.98858E-05 9.98858E-05 9.98858E-05 9.98858E-05 9.98858E-05 9.98858E-05
9.99033E-05 0.0654442 0.0248598 9.99033E-05 0.0802279 9.99033E-05 0.0781823 9.99033E-05 9.99033E-05 9.99033E-05 0.594361 9.99033E-05 9.99033E-05 0.153328 9.99033E-05 9.99033E-05 0.00249783 9.99033E-05
9.98508E-05 9.98508E-05 9.98508E-05 9.98508E-05 9.98508E-05 9.98508E-05 9.98508E-05 9.98508E-05 9.98508E-05 9.98508E-05 0.998303 9.98508E-05 9.98508E-05 9.98508E-05 9.98508E-05 9.98508E-05 9.98508E-05 9.98508E-05
9.98683E-05 9.98683E-05 9.98683E-05 9.98683E-05 9.98683E-05 9.98683E-05 9.98683E-05 9.98683E-05 0.0383409 0.0485544 0.911607 9.98683E-05 9.98683E-05 9.98683E-05 9.98683E-05 9.98683E-05 9.98683E-05 9.98683E-05
9.98768E-05 0.229712 9.98768E-05 9.98768E-05 0.0230373 9.98768E-05 9.98768E-05 9.98768E-05 9.98768E-05 0.174799 0.571053 9.98768E-05 9.98768E-05 9.98768E-05 9.98768E-05 9.98768E-05 9.98768E-05 9.98768E-05
9.99033E-05 9.99033E-05 9.99033E-05 0.0289464 9.99033E-05 9.99033E-05 9.99033E-05 0.21344 9.99033E-05 0.0475832 0.464833 9.99033E-05 9.99033E-05 9.99033E-05 0.0876553 0.017505 9.99033E-05 0.138939
0.0654034 9.99032E-05 0.0384876 0.0315273 0.0953661 9.99032E-05 9.99032E-05 9.99032E-05 9.99032E-05 0.0459928 0.630617 9.99032E-05 9.99032E-05 9.99032E-05 0.0915069 9.99032E-05 9.99032E-05 9.99032E-05
0.0647424 0.115566 9.98945E-05 0.00267899 9.98945E-05 9.98945E-05 0.108698 0.145049 9.98945E-05 9.98945E-05 0.562067 9.98945E-05 9.98945E-05 9.98945E-05 9.98945E-05 9.98945E-05 9.98945E-05 9.98945E-05
9.98774E-05 9.98774E-05 0.014543 0.035404 9.98774E-05 9.98774E-05 9.98774E-05 9.98774E-05 9.98774E-05 0.0204469 0.928208 9.98774E-05 9.98774E-05 9.98774E-05 9.98774E-05 9.98774E-05 9.98774E-05 9.98774E-05
9.98685E-05 0.0345141 9.98685E-05 9.98685E-05 9.98685E-05 9.98685E-05 9.98685E-05 9.98685E-05 9.98685E-05 0.0430431 0.920945 9.98685E-05 9.98685E-05 9.98685E-05 9.98685E-05 9.98685E-05 9.98685E-05 9.98685E-05
9.98857E-05 9.98857E-05 0.0574578 9.98857E-05 9.98857E-05 9.98857E-05 9.98857E-05 9.98857E-05 0.0183819 9.98857E-05 0.77865 9.98857E-05 9.98857E-05 0.0586497 9.98857E-05 9.98857E-05 0.0855622 9.98857E-05
9.98945E-05 9.98945E-05 9.98945E-05 9.98945E-05 0.0389754 9.98945E-05 9.98945E-05 0.109725 0.0651307 0.086881 0.624437 9.98945E-05 9.98945E-05 9.98945E-05 0.0736525 9.98945E-05 9.98945E-05 9.98945E-05
9.98859E-05 0.0094513 9.98859E-05 9.98859E-05 9.98859E-05 9.98859E-05 9.98859E-05 9.98859E-05 0.169213 0.0811253 0.688886 9.98859E-05 9.98859E-05 0.0500258 9.98859E-05 9.98859E-05 9.98859E-05 9.98859E-05
9.98769E-05 0.192944 9.98769E-05 0.0397539 9.98769E-05 9.98769E-05 9.98769E-05 9.98769E-05 9.98769E-05 9.98769E-05 0.738024 9.98769E-05 9.98769E-05 9.98769E-05 9.98769E-05 9.98769E-05 0.0278799 9.98769E-05
0.0353466 0.0290989 9.98862E-05 9.98862E-05 9.98862E-05 9.98862E-05 9.98862E-05 9.98862E-05 9.98862E-05 9.98862E-05 0.859641 0.0469379 9.98862E-05 9.98862E-05 9.98862E-05 9.98862E-05 0.027677 9.98862E-05
9.98858E-05 0.0332933 9.98858E-05 9.98858E-05 0.0029049 9.98858E-05 9.98858E-05 0.218486 9.98858E-05 9.98858E-05 0.678972 9.98858E-05 9.98858E-05 0.0650453 9.98858E-05 9.98858E-05 9.98858E-05 9.98858E-05
9.9886E-05 0.00406383 0.174678 9.9886E-05 9.9886E-05 9.9886E-05 9.9886E-05 9.9886E-05 9.9886E-05 9.9886E-05 0.725183 9.9886E-05 9.9886E-05 9.9886E-05 9.9886E-05 0.00218481 9.9886E-05 0.092592
9.98946E-05 0.00687981 9.98946E-05 9.98946E-05 0.105742 0.021529 9.98946E-05 9.98946E-05 9.98946E-05 0.0296698 0.701566 9.98946E-05 9.98946E-05 0.133415 9.98946E-05 9.98946E-05 9.98946E-05 9.98946E-05
9.98681E-05 9.98681E-05 9.98681E-05 9.98681E-05 9.98681E-05 9.98681E-05 9.98681E-05 9.98681E-05 9.98681E-05 0.0725547 0.835192 9.98681E-05 9.98681E-05 9.98681E-05 0.0907554 9.98681E-05 9.98681E-05 9.98681E-05
9.98598E-05 9.98598E-05 9.98598E-05 9.98598E-05 0.0281754 9.98598E-05 9.98598E-05 9.98598E-05 9.98598E-05 9.98598E-05 0.970227 9.98598E-05 9.98598E-05 9.98598E-05 9.98598E-05 9.98598E-05 9.98598E-05 9.98598E-05
9.98597E-05 9.98597E-05 9.98597E-05 9.98597E-05 9.98597E-05 9.98597E-05 9.98597E-05 9.98597E-05 9.98597E-05 9.98597E-05 0.996849 0.00155371 9.98597E-05 9.98597E-05 9.98597E-05 9.98597E-05 9.98597E-05 9.98597E-05
9.98509E-05 9.98509E-05 9.98509E-05 9.98509E-05 9.98509E-05 9.98509E-05 9.98509E-05 9.98509E-05 9.98509E-05 9.98509E-05 0.998303 9.98509E-05 9.98509E-05 9.98509E-05 9.98509E-05 9.98509E-05 9.98509E-05 9.98509E-05
9.9886E-05 0.00204805 9.9886E-05 9.9886E-05 0.000355801 9.9886E-05 9.9886E-05 9.9886E-05 9.9886E-05 9.9886E-05 0.891653 9.9886E-05 9.9886E-05 0.100497 0.00414839 9.9886E-05 9.9886E-05 9.9886E-05
9.98948E-05 0.075347 9.98948E-05 0.0270169 0.124302 9.98948E-05 9.98948E-05 9.98948E-05 9.98948E-05 9.98948E-05 0.636694 0.130825 9.98948E-05 9.98948E-05 9.98948E-05 0.00461597 9.98948E-05 9.98948E-05
9.98684E-05 0.160448 0.807474 9.98684E-05 0.03058 9.98684E-05 9.98684E-05 9.98684E-05 9.98684E-05 9.98684E-05 9.98684E-05 9.98684E-05 9.98684E-05 9.98684E-05 9.98684E-05 9.98684E-05 9.98684E-05 9.98684E-05
9.98772E-05 0.017072 0.536483 9.98772E-05 0.0181591 9.98772E-05 9.98772E-05 9.98772E-05 9.98772E-05 9.98772E-05 9.98772E-05 0.426887 9.98772E-05 9.98772E-05 9.98772E-05 9.98772E-05 9.98772E-05 9.98772E-05
9.98595E-05 0.0629904 0.935412 9.98595E-05 9.98595E-05 9.98595E-05 9.98595E-05 9.98595E-05 9.98595E-05 9.98595E-05 9.98595E-05 9.98595E-05 9.98595E-05 9.98595E-05 9.98595E-05 9.98595E-05 9.98595E-05 9.98595E-05
9.98769E-05 0.135031 0.807127 9.98769E-05 0.0346855 9.98769E-05 9.98769E-05 9.98769E-05 9.98769E-05 9.98769E-05 9.98769E-05 9.98769E-05 9.98769E-05 0.0217587 9.98769E-05 9.98769E-05 9.98769E-05 9.98769E-05
9.98769E-05 0.00407096 0.931113 9.98769E-05 0.0387483 0.0246697 9.98769E-05 9.98769E-05 9.98769E-05 9.98769E-05 9.98769E-05 9.98769E-05 9.98769E-05 9.98769E-05 9.98769E-05 9.98769E-05 9.98769E-05 9.98769E-05
9.98947E-05 0.167216 0.638085 9.98947E-05 0.161464 9.98947E-05 0.0169803 9.98947E-05 9.98947E-05 9.98947E-05 9.98947E-05 0.0122117 9.98947E-05 9.98947E-05 9.98947E-05 0.00284403 9.98947E-05 9.98947E-05
9.98859E-05 0.0589139 0.778557 9.98859E-05 0.0595426 9.98859E-05 9.98859E-05 0.0757006 9.98859E-05 9.98859E-05 9.98859E-05 9.98859E-05 9.98859E-05 9.98859E-05 0.0259879 9.98859E-05 9.98859E-05 9.98859E-05
9.98595E-05 9.98595E-05 0.792057 9.98595E-05 0.206345 9.98595E-05 9.98595E-05 9.98595E-05 9.98595E-05 9.98595E-05 9.98595E-05 9.98595E-05 9.98595E-05 9.98595E-05 9.98595E-05 9.98595E-05 9.98595E-05 9.98595E-05
9.99122E-05 0.0585115 0.396739 9.99122E-05 0.305198 9.99122E-05 0.194704 0.0137361 9.99122E-05 0.00295632 9.99122E-05 9.99122E-05 9.99122E-05 9.99122E-05 0.0240506 9.99122E-05 9.99122E-05 0.00310525
9.98771E-05 0.23208 0.562643 9.98771E-05 0.184018 9.98771E-05 9.98771E-05 9.98771E-05 9.98771E-05 9.98771E-05 9.98771E-05 9.98771E-05 9.98771E-05 9.98771E-05 0.0198608 9.98771E-05 9.98771E-05 9.98771E-05
9.9886E-05 9.9886E-05 0.520869 9.9886E-05 0.0164365 9.9886E-05 0.220205 9.9886E-05 9.9886E-05 0.0254448 9.9886E-05 0.215747 9.9886E-05 9.9886E-05 9.9886E-05 9.9886E-05 9.9886E-05 9.9886E-05
9.98947E-05 0.0514412 0.665242 9.98947E-05 9.98947E-05 9.98947E-05 0.14017 9.98947E-05 9.98947E-05 0.00661991 9.98947E-05 0.101364 0.0339634 9.98947E-05 9.98947E-05 9.98947E-05 9.98947E-05 9.98947E-05
9.98599E-05 9.98599E-05 0.891854 9.98599E-05 0.106548 9.98599E-05 9.98599E-05 9.98599E-05 9.98599E-05 9.98599E-05 9.98599E-05 9.98599E-05 9.98599E-05 9.98599E-05 9.98599E-05 9.98599E-05 9.98599E-05 9.98599E-05
9.98949E-05 0.195074 0.508826 9.98949E-05 0.227565 9.98949E-05 0.0184729 9.98949E-05 9.98949E-05 9.98949E-05 9.98949E-05 0.0104848 9.98949E-05 9.98949E-05 0.038379 9.98949E-05 9.98949E-05 9.98949E-05
9.98948E-05 9.98948E-05 0.697786 0.00966508 0.0659 9.98948E-05 9.98948E-05 9.98948E-05 9.98948E-05 9.98948E-05 9.98948E-05 0.0691596 9.98948E-05 0.100665 0.0556255 9.98948E-05 9.98948E-05 9.98948E-05
9.98948E-05 0.135528 0.609836 9.98948E-05 9.98948E-05 9.98948E-05 0.157054 9.98948E-05 9.98948E-05 0.0502553 9.98948E-05 9.98948E-05 9.98948E-05 9.98948E-05 9.98948E-05 0.039701 0.00642725 9.98948E-05
9.98859E-05 0.0794703 0.639562 9.98859E-05 0.0308033 9.98859E-05 0.204482 9.98859E-05 9.98859E-05 9.98859E-05 9.98859E-05 9.98859E-05 9.98859E-05 9.98859E-05 9.98859E-05 0.044384 9.98859E-05 9.98859E-05
0.160019 9.98773E-05 0.658453 9.98773E-05 0.0865504 9.98773E-05 9.98773E-05 0.0935792 9.98773E-05 9.98773E-05 9.98773E-05 9.98773E-05 9.98773E-05 9.98773E-05 9.98773E-05 9.98773E-05 9.98773E-05 9.98773E-05
9.98772E-05 9.98772E-05 0.949113 9.98772E-05 0.0103414 9.98772E-05 9.98772E-05 9.98772E-05 9.98772E-05 0.0268033 9.98772E-05 0.0123444 9.98772E-05 9.98772E-05 9.98772E-05 9.98772E-05 9.98772E-05 9.98772E-05
9.99035E-05 0.169841 0.422919 9.99035E-05 0.145188 0.00579103 9.99035E-05 9.99035E-05 9.99035E-05 9.99035E-05 9.99035E-05 0.220377 9.99035E-05 9.99035E-05 9.99035E-05 0.0312842 9.99035E-05 0.00350037
0.186398 0.0979708 0.582321 9.98772E-05 9.98772E-05 9.98772E-05 0.131912 9.98772E-05 9.98772E-05 9.98772E-05 9.98772E-05 9.98772E-05 9.98772E-05 9.98772E-05 9.98772E-05 9.98772E-05 9.98772E-05 9.98772E-05
9.98771E-05 0.0160853 0.898172 9.98771E-05 0.0556204 9.98771E-05 9.98771E-05 9.98771E-05 9.98771E-05 9.98771E-05 9.98771E-05 9.98771E-05 9.98771E-05 9.98771E-05 0.0287237 9.98771E-05 9.98771E-05 9.98771E-05
9.98859E-05 0.232355 0.445766 9.98859E-05 0.154142 9.98859E-05 0.121468 9.98859E-05 9.98859E-05 9.98859E-05 9.98859E-05 9.98859E-05 9.98859E-05 9.98859E-05 9.98859E-05 0.0449707 9.98859E-05 9.98859E-05
9.98772E-05 0.00535019 0.772588 9.98772E-05 0.155436 9.98772E-05 9.98772E-05 9.98772E-05 9.98772E-05 9.98772E-05 9.98772E-05 0.0652268 9.98772E-05 9.98772E-05 9.98772E-05 9.98772E-05 9.98772E-05 9.98772E-05
0.00608887 0.214848 0.535441 9.98947E-05 0.169405 9.98947E-05 9.98947E-05 9.98947E-05 9.98947E-05 0.025629 9.98947E-05 9.98947E-05 9.98947E-05 9.98947E-05 9.98947E-05 0.0473901 9.98947E-05 9.98947E-05
9.99298E-05 0.103385 0.354142 0.0363584 0.109491 9.99298E-05 0.0782593 0.0300404 9.99298E-05 0.00762187 0.0559953 0.203118 9.99298E-05 9.99298E-05 0.02079 9.99298E-05 9.99298E-05 9.99298E-05
9.98859E-05 0.0472609 0.24594 9.98859E-05 9.98859E-05 0.125528 9.98859E-05 9.98859E-05 9.98859E-05 9.98859E-05 9.98859E-05 0.555681 9.98859E-05 9.98859E-05 9.98859E-05 0.0242912 9.98859E-05 9.98859E-05
9.98681E-05 0.0815702 0.850888 9.98681E-05 0.0660438 9.98681E-05 9.98681E-05 9.98681E-05 9.98681E-05 9.98681E-05 9.98681E-05 9.98681E-05 9.98681E-05 9.98681E-05 9.98681E-05 9.98681E-05 9.98681E-05 9.98681E-05
9.98947E-05 0.215531 0.632011 9.98947E-05 0.108289 9.98947E-05 0.0117725 0.0185513 9.98947E-05 9.98947E-05 9.98947E-05 9.98947E-05 9.98947E-05 9.98947E-05 9.98947E-05 0.0126464 9.98947E-05 9.98947E-05
9.98948E-05 0.104446 0.812461 9.98948E-05 0.0123372 9.98948E-05 9.98948E-05 9.98948E-05 9.98948E-05 0.0204308 9.98948E-05 0.016736 9.98948E-05 9.98948E-05 9.98948E-05 0.0323906 9.98948E-05 9.98948E-05
9.98771E-05 0.248014 0.670285 0.0166068 0.0636964 9.98771E-05 9.98771E-05 9.98771E-05 9.98771E-05 9.98771E-05 9.98771E-05 9.98771E-05 9.98771E-05 9.98771E-05 9.98771E-05 9.98771E-05 9.98771E-05 9.98771E-05
9.98683E-05 0.0284785 0.914594 0.0554299 9.98683E-05 9.98683E-05 9.98683E-05 9.98683E-05 9.98683E-05 9.98683E-05 9.98683E-05 9.98683E-05 9.98683E-05 9.98683E-05 9.98683E-05 9.98683E-05 9.98683E-05 9.98683E-05
0.00128273 0.139143 0.407828 9.98858E-05 0.282491 9.98858E-05 9.98858E-05 9.98858E-05 9.98858E-05 9.98858E-05 9.98858E-05 9.98858E-05 9.98858E-05 9.98858E-05 9.98858E-05 0.167957 9.98858E-05 9.98858E-05
9.9877E-05 0.0317885 0.787443 9.9877E-05 9.9877E-05 9.9877E-05 9.9877E-05 0.147781 9.9877E-05 9.9877E-05 9.9877E-05 9.9877E-05 9.9877E-05 9.9877E-05 9.9877E-05 9.9877E-05 9.9877E-05 0.0315895
9.98684E-05 0.0641197 0.92348 9.98684E-05 0.0109023 9.98684E-05 9.98684E-05 9.98684E-05 9.98684E-05 9.98684E-05 9.98684E-05 9.98684E-05 9.98684E-05 9.98684E-05 9.98684E-05 9.98684E-05 9.98684E-05 9.98684E-05
9.99034E-05 9.99034E-05 0.8074 9.99034E-05 0.0503484 9.99034E-05 9.99034E-05 0.00248704 0.00250416 0.0105874 9.99034E-05 0.110343 9.99034E-05 9.99034E-05 0.0152311 9.99034E-05 9.99034E-05 9.99034E-05
9.9877E-05 0.196109 0.682813 9.9877E-05 0.0666738 9.9877E-05 9.9877E-05 9.9877E-05 9.9877E-05 9.9877E-05 9.9877E-05 9.9877E-05 9.9877E-05 0.053006 9.9877E-05 9.9877E-05 9.9877E-05 9.9877E-05
0.102257 9.9877E-05 0.259623 9.9877E-05 0.0605405 9.9877E-05 9.9877E-05 9.9877E-05 9.9877E-05 9.9877E-05 9.9877E-05 0.57618 9.9877E-05 9.9877E-05 9.9877E-05 9.9877E-05 9.9877E-05 9.9877E-05
9.98686E-05 0.146913 0.645892 9.98686E-05 9.98686E-05 9.98686E-05 9.98686E-05 9.98686E-05 9.98686E-05 9.98686E-05 9.98686E-05 0.205697 9.98686E-05 9.98686E-05 9.98686E-05 9.98686E-05 9.98686E-05 9.98686E-05
9.98599E-05 9.98599E-05 0.782467 9.98599E-05 9.98599E-05 9.98599E-05 9.98599E-05 9.98599E-05 9.98599E-05 9.98599E-05 9.98599E-05 0.215935 9.98599E-05 9.98599E-05 9.98599E-05 9.98599E-05 9.98599E-05 9.98599E-05
9.98947E-05 9.98947E-05 0.512539 9.98947E-05 0.0155576 9.98947E-05 0.0164894 9.98947E-05 9.98947E-05 9.98947E-05 9.98947E-05 0.405542 9.98947E-05 0.0106076 9.98947E-05 0.0380659 9.98947E-05 9.98947E-05
9.98858E-05 0.334005 0.471268 9.98858E-05 0.0662959 9.98858E-05 0.119099 9.98858E-05 9.98858E-05 0.00803327 9.98858E-05 9.98858E-05 9.98858E-05 9.98858E-05 9.98858E-05 9.98858E-05 9.98858E-05 9.98858E-05
9.98771E-05 9.98771E-05 0.787949 9.98771E-05 0.132893 9.98771E-05 9.98771E-05 0.00157154 9.98771E-05 9.98771E-05 9.98771E-05 9.98771E-05 9.98771E-05 9.98771E-05 9.98771E-05 9.98771E-05 9.98771E-05 0.0761883
9.98859E-05 0.0710138 0.134038 9.98859E-05 0.133883 9.98859E-05 9.98859E-05 9.98859E-05 9.98859E-05 9.98859E-05 9.98859E-05 0.603414 9.98859E-05 9.98859E-05 9.98859E-05 0.0563529 9.98859E-05 9.98859E-05
9.98684E-05 0.0588543 0.503835 9.98684E-05 9.98684E-05 9.98684E-05 9.98684E-05 9.98684E-05 9.98684E-05 9.98684E-05 9.98684E-05 0.435813 9.98684E-05 9.98684E-05 9.98684E-05 9.98684E-05 9.98684E-05 9.98684E-05
9.98946E-05 9.98946E-05 0.515433 9.98946E-05 0.188917 9.98946E-05 0.157548 0.0129958 9.98946E-05 9.98946E-05 9.98946E-05 9.98946E-05 9.98946E-05 0.00687669 9.98946E-05 0.117031 9.98946E-05 9.98946E-05
9.98947E-05 0.116476 0.566167 9.98947E-05 0.137919 9.98947E-05 9.98947E-05 9.98947E-05 9.98947E-05 0.0333032 0.143685 9.98947E-05 9.98947E-05 9.98947E-05 0.00125244 9.98947E-05 9.98947E-05 9.98947E-05
9.98948E-05 0.00773119 0.539394 9.98948E-05 0.111701 0.0985501 0.145788 9.98948E-05 9.98948E-05 9.98948E-05 9.98948E-05 9.98948E-05 9.98948E-05 9.98948E-05 0.0956371 9.98948E-05 9.98948E-05 9.98948E-05
9.9886E-05 0.222004 0.391469 9.9886E-05 0.259668 9.9886E-05 9.9886E-05 0.0217553 9.9886E-05 9.9886E-05 9.9886E-05 9.9886E-05 9.9886E-05 9.9886E-05 9.9886E-05 0.103805 9.9886E-05 9.9886E-05
9.98683E-05 0.00865283 0.513317 9.98683E-05 9.98683E-05 9.98683E-05 9.98683E-05 9.98683E-05 9.98683E-05 9.98683E-05 9.98683E-05 0.476532 9.98683E-05 9.98683E-05 9.98683E-05 9.98683E-05 9.98683E-05 9.98683E-05
9.98771E-05 0.124896 0.762003 9.98771E-05 9.98771E-05 9.98771E-05 9.98771E-05 9.98771E-05 0.0729704 9.98771E-05 9.98771E-05 9.98771E-05 9.98771E-05 9.98771E-05 9.98771E-05 9.98771E-05 0.0387319 9.98771E-05
0.0301789 0.00706217 0.269298 9.98947E-05 0.101845 9.98947E-05 0.0214626 9.98947E-05 9.98947E-05 9.98947E-05 9.98947E-05 0.568955 9.98947E-05 9.98947E-05 9.98947E-05 9.98947E-05 9.98947E-05 9.98947E-05
9.9886E-05 0.131731 0.527076 9.9886E-05 0.0605058 9.9886E-05 9.9886E-05 9.9886E-05 9.9886E-05 9.9886E-05 9.9886E-05 0.204738 9.9886E-05 0.0746511 9.9886E-05 9.9886E-05 9.9886E-05 9.9886E-05
9.98771E-05 9.98771E-05 0.885745 0.0542839 0.0460156 9.98771E-05 0.0125577 9.98771E-05 9.98771E-05 9.98771E-05 9.98771E-05 9.98771E-05 9.98771E-05 9.98771E-05 9.98771E-05 9.98771E-05 9.98771E-05 9.98771E-05
9.98682E-05 9.98682E-05 0.849718 9.98682E-05 9.98682E-05 9.98682E-05 9.98682E-05 9.98682E-05 0.128802 9.98682E-05 9.98682E-05 9.98682E-05 9.98682E-05 0.0199819 9.98682E-05 9.98682E-05 9.98682E-05 9.98682E-05
9.9877E-05 0.188825 0.420853 9.9877E-05 0.246717 9.9877E-05 0.142206 9.9877E-05 9.9877E-05 9.9877E-05 9.9877E-05 9.9877E-05 9.9877E-05 9.9877E-05 9.9877E-05 9.9877E-05 9.9877E-05 9.9877E-05
9.98683E-05 0.185221 0.692456 9.98683E-05 0.120825 9.98683E-05 9.98683E-05 9.98683E-05 9.98683E-05 9.98683E-05 9.98683E-05 9.98683E-05 9.98683E-05 9.98683E-05 9.98683E-05 9.98683E-05 9.98683E-05 9.98683E-05
9.9877E-05 9.9877E-05 0.917286 0.0015148 0.0732694 9.9877E-05 9.9877E-05 9.9877E-05 9.9877E-05 0.00653146 9.9877E-05 9.9877E-05 9.9877E-05 9.9877E-05 9.9877E-05 9.9877E-05 9.9877E-05 9.9877E-05
9.98684E-05 0.0749277 0.824239 9.98684E-05 9.98684E-05 9.98684E-05 9.98684E-05 9.98684E-05 9.98684E-05 9.98684E-05 9.98684E-05 9.98684E-05 9.98684E-05 9.98684E-05 9.98684E-05 0.0993348 9.98684E-05 9.98684E-05
9.98771E-05 9.98771E-05 0.660041 9.98771E-05 0.135549 9.98771E-05 0.0547051 9.98771E-05 9.98771E-05 9.98771E-05 9.98771E-05 0.148307 9.98771E-05 9.98771E-05 9.98771E-05 9.98771E-05 9.98771E-05 9.98771E-05
9.98505E-05 0.998303 9.98505E-05 9.98505E-05 9.98505E-05 9.98505E-05 9.98505E-05 9.98505E-05 9.98505E-05 9.98505E-05 9.98505E-05 9.98505E-05 9.98505E-05 9.98505E-05 9.98505E-05 9.98505E-05 9.98505E-05 9.98505E-05
9.98506E-05 9.98506E-05 9.98506E-05 9.98506E-05 0.998303 9.98506E-05 9.98506E-05 9.98506E-05 9.98506E-05 9.98506E-05 9.98506E-05 9.98506E-05 9.98506E-05 9.98506E-05 9.98506E-05 9.98506E-05 9.98506E-05 9.98506E-05
9.98506E-05 0.998303 9.98506E-05 9.98506E-05 9.98506E-05 9.98506E-05 9.98506E-05 9.98506E-05 9.98506E-05 9.98506E-05 9.98506E-05 9.98506E-05 9.98506E-05 9.98506E-05 9.98506E-05 9.98506E-05 9.98506E-05 9.98506E-05
9.98504E-05 9.98504E-05 9.98504E-05 9.98504E-05 0.998303 9.98504E-05 9.98504E-05 9.98504E-05 9.98504E-05 9.98504E-05 9.98504E-05 9.98504E-05 9.98504E-05 9.98504E-05 9.98504E-05 9.98504E-05 9.98504E-05 9.98504E-05
9.98505E-05 9.98505E-05 9.98505E-05 9.98505E-05 0.998303 9.98505E-05 9.98505E-05 9.98505E-05 9.98505E-05 9.98505E-05 9.98505E-05 9.98505E-05 9.98505E-05 9.98505E-05 9.98505E-05 9.98505E-05 9.98505E-05 9.98505E-05
9.98506E-05 9.98506E-05 9.98506E-05 9.98506E-05 0.998303 9.98506E-05 9.98506E-05 9.98506E-05 9.98506E-05 9.98506E-05 9.98506E-05 9.98506E-05 9.98506E-05 9.98506E-05 9.98506E-05 9.98506E-05 9.98506E-05 9.98506E-05
9.98505E-05 0.998303 9.98505E-05 9.98505E-05 9.98505E-05 9.98505E-05 9.98505E-05 9.98505E-05 9.98505E-05 9.98505E-05 9.98505E-05 9.98505E-05 9.98505E-05 9.98505E-05 9.98505E-05 9.98505E-05 9.98505E-05 9.98505E-05
9.98505E-05 9.98505E-05 9.98505E-05 9.98505E-05 0.998303 9.98505E-05 9.98505E-05 9.98505E-05 9.98505E-05 9.98505E-05 9.98505E-05 9.98505E-05 9.98505E-05 9.98505E-05 9.98505E-05 9.98505E-05 9.98505E-05 9.98505E-05
9.98505E-05 9.98505E-05 9.98505E-05 9.98505E-05 0.998303 9.98505E-05 9.98505E-05 9.98505E-05 9.98505E-05 9.98505E-05 9.98505E-05 9.98505E-05 9.98505E-05 9.98505E-05 9.98505E-05 9.98505E-05 9.98505E-05 9.98505E-05
9.98505E-05 0.998303 9.98505E-05 9.98505E-05 9.98505E-05 9.98505E-05 9.98505E-05 9.98505E-05 9.98505E-05 9.98505E-05 9.98505E-05 9.98505E-05 9.98505E-05 9.98505E-05 9.98505E-05 9.98505E-05 9.98505E-05 9.98505E-05
9.98506E-05 0.998303 9.98506E-05 9.98506E-05 9.98506E-05 9.98506E-05 9.98506E-05 9.98506E-05 9.98506E-05 9.98506E-05 9.98506E-05 9.98506E-05 9.98506E-05 9.98506E-05 9.98506E-05 9.98506E-05 9.98506E-05 9.98506E-05
9.98505E-05 0.998303 9.98505E-05 9.98505E-05 9.98505E-05 9.98505E-05 9.98505E-05 9.98505E-05 9.98505E-05 9.98505E-05 9.98505E-05 9.98505E-05 9.98505E-05 9.98505E-05 9.98505E-05 9.98505E-05 9.98505E-05 9.98505E-05
9.98505E-05 9.98505E-05 9.98505E-05 9.98505E-05 0.998303 9.98505E-05 9.98505E-05 9.98505E-05 9.98505E-05 9.98505E-05 9.98505E-05 9.98505E-05 9.98505E-05 9.98505E-05 9.98505E-05 9.98505E-05 9.98505E-05 9.98505E-05
9.98505E-05 9.98505E-05 9.98505E-05 9.98505E-05 0.998303 9.98505E-05 9.98505E-05 9.98505E-05 9.98505E-05 9.98505E-05 9.98505E-05 9.98505E-05 9.98505E-05 9.98505E-05 9.98505E-05 9.98505E-05 9.98505E-05 9.98505E-05
9.98505E-05 0.998303 9.98505E-05 9.98505E-05 9.98505E-05 9.98505E-05 9.98505E-05 9.98505E-05 9.98505E-05 9.98505E-05 9.98505E-05 9.98505E-05 9.98505E-05 9.98505E-05 9.98505E-05 9.98505E-05 9.98505E-05 9.98505E-05
9.98505E-05 0.998303 9.98505E-05 9.98505E-05 9.98505E-05 9.98505E-05 9.98505E-05 9.98505E-05 9.98505E-05 9.98505E-05 9.98505E-05 9.98505E-05 9.98505E-05 9.98505E-05 9.98505E-05 9.98505E-05 9.98505E-05 9.98505E-05
9.99033E-05 0.162035 0.463827 9.99033E-05 0.0793441 0.0420004 9.99033E-05 9.99033E-05 0.106301 9.99033E-05 9.99033E-05 9.99033E-05 9.99033E-05 9.99033E-05 9.99033E-05 9.99033E-05 0.111796 0.0335982
9.98506E-05 0.998303 9.98506E-05 9.98506E-05 9.98506E-05 9.98506E-05 9.98506E-05 9.98506E-05 9.98506E-05 9.98506E-05 9.98506E-05 9.98506E-05 9.98506E-05 9.98506E-05 9.98506E-05 9.98506E-05 9.98506E-05 9.98506E-05
9.98506E-05 9.98506E-05 9.98506E-05 9.98506E-05 0.998303 9.98506E-05 9.98506E-05 9.98506E-05 9.98506E-05 9.98506E-05 9.98506E-05 9.98506E-05 9.98506E-05 9.98506E-05 9.98506E-05 9.98506E-05 9.98506E-05 9.98506E-05
9.98505E-05 0.998303 9.98505E-05 9.98505E-05 9.98505E-05 9.98505E-05 9.98505E-05 9.98505E-05 9.98505E-05 9.98505E-05 9.98505E-05 9.98505E-05 9.98505E-05 9.98505E-05 9.98505E-05 9.98505E-05 9.98505E-05 9.98505E-05
9.98505E-05 0.998303 9.98505E-05 9.98505E-05 9.98505E-05 9.98505E-05 9.98505E-05 9.98505E-05 9.98505E-05 9.98505E-05 9.98505E-05 9.98505E-05 9.98505E-05 9.98505E-05 9.98505E-05 9.98505E-05 9.98505E-05 9.98505E-05
9.98505E-05 0.998303 9.98505E-05 9.98505E-05 9.98505E-05 9.98505E-05 9.98505E-05 9.98505E-05 9.98505E-05 9.98505E-05 9.98505E-05 9.98505E-05 9.98505E-05 9.98505E-05 9.98505E-05 9.98505E-05 9.98505E-05 9.98505E-05
9.98505E-05 9.98505E-05 9.98505E-05 9.98505E-05 0.998303 9.98505E-05 9.98505E-05 9.98505E-05 9.98505E-05 9.98505E-05 9.98505E-05 9.98505E-05 9.98505E-05 9.98505E-05 9.98505E-05 9.98505E-05 9.98505E-05 9.98505E-05
9.98506E-05 0.998303 9.98506E-05 9.98506E-05 9.98506E-05 9.98506E-05 9.98506E-05 9.98506E-05 9.98506E-05 9.98506E-05 9.98506E-05 9.98506E-05 9.98506E-05 9.98506E-05 9.98506E-05 9.98506E-05 9.98506E-05 9.98506E-05
9.98505E-05 9.98505E-05 9.98505E-05 9.98505E-05 0.998303 9.98505E-05 9.98505E-05 9.98505E-05 9.98505E-05 9.98505E-05 9.98505E-05 9.98505E-05 9.98505E-05 9.98505E-05 9.98505E-05 9.98505E-05 9.98505E-05 9.98505E-05
9.98506E-05 0.998303 9.98506E-05 9.98506E-05 9.98506E-05 9.98506E-05 9.98506E-05 9.98506E-05 9.98506E-05 9.98506E-05 9.98506E-05 9.98506E-05 9.98506E-05 9.98506E-05 9.98506E-05 9.98506E-05 9.98506E-05 9.98506E-05
9.98505E-05 0.998303 9.98505E-05 9.98505E-05 9.98505E-05 9.98505E-05 9.98505E-05 9.98505E-05 9.98505E-05 9.98505E-05 9.98505E-05 9.98505E-05 9.98505E-05 9.98505E-05 9.98505E-05 9.98505E-05 9.98505E-05 9.98505E-05
9.98506E-05 9.98506E-05 9.98506E-05 9.98506E-05 0.998303 9.98506E-05 9.98506E-05 9.98506E-05 9.98506E-05 9.98506E-05 9.98506E-05 9.98506E-05 9.98506E-05 9.98506E-05 9.98506E-05 9.98506E-05 9.98506E-05 9.98506E-05
9.98505E-05 9.98505E-05 9.98505E-05 9.98505E-05 0.998303 9.98505E-05 9.98505E-05 9.98505E-05 9.98505E-05 9.98505E-05 9.98505E-05 9.98505E-05 9.98505E-05 9.98505E-05 9.98505E-05 9.98505E-05 9.98505E-05 9.98505E-05
9.98507E-05 9.98507E-05 9.98507E-05 9.98507E-05 0.998303 9.98507E-05 9.98507E-05 9.98507E-05 9.98507E-05 9.98507E-05 9.98507E-05 9.98507E-05 9.98507E-05 9.98507E-05 9.98507E-05 9.98507E-05 9.98507E-05 9.98507E-05
9.98506E-05 0.998303 9.98506E-05 9.98506E-05 9.98506E-05 9.98506E-05 9.98506E-05 9.98506E-05 9.98506E-05 9.98506E-05 9.98506E-05 9.98506E-05 9.98506E-05 9.98506E-05 9.98506E-05 9.98506E-05 9.98506E-05 9.98506E-05
9.98594E-05 0.997886 9.98594E-05 9.98594E-05 9.98594E-05 9.98594E-05 9.98594E-05 9.98594E-05 9.98594E-05 9.98594E-05 9.98594E-05 9.98594E-05 9.98594E-05 9.98594E-05 9.98594E-05 0.000516653 9.98594E-05 9.98594E-05
9.98505E-05 0.998303 9.98505E-05 9.98505E-05 9.98505E-05 9.98505E-05 9.98505E-05 9.98505E-05 9.98505E-05 9.98505E-05 9.98505E-05 9.98505E-05 9.98505E-05 9.98505E-05 9.98505E-05 9.98505E-05 9.98505E-05 9.98505E-05
9.98505E-05 0.998303 9.98505E-05 9.98505E-05 9.98505E-05 9.98505E-05 9.98505E-05 9.98505E-05 9.98505E-05 9.98505E-05 9.98505E-05 9.98505E-05 9.98505E-05 9.98505E-05 9.98505E-05 9.98505E-05 9.98505E-05 9.98505E-05
9.98505E-05 0.998303 9.98505E-05 9.98505E-05 9.98505E-05 9.98505E-05 9.98505E-05 9.98505E-05 9.98505E-05 9.98505E-05 9.98505E-05 9.98505E-05 9.98505E-05 9.98505E-05 9.98505E-05 9.98505E-05 9.98505E-05 9.98505E-05
9.98506E-05 9.98506E-05 9.98506E-05 9.98506E-05 0.998303 9.98506E-05 9.98506E-05 9.98506E-05 9.98506E-05 9.98506E-05 9.98506E-05 9.98506E-05 9.98506E-05 9.98506E-05 9.98506E-05 9.98506E-05 9.98506E-05 9.98506E-05
9.98505E-05 9.98505E-05 9.98505E-05 9.98505E-05 0.998303 9.98505E-05 9.98505E-05 9.98505E-05 9.98505E-05 9.98505E-05 9.98505E-05 9.98505E-05 9.98505E-05 9.98505E-05 9.98505E-05 9.98505E-05 9.98505E-05 9.98505E-05
9.98505E-05 9.98505E-05 9.98505E-05 9.98505E-05 0.998303 9.98505E-05 9.98505E-05 9.98505E-05 9.98505E-05 9.98505E-05 9.98505E-05 9.98505E-05 9.98505E-05 9.98505E-05 9.98505E-05 9.98505E-05 9.98505E-05 9.98505E-05
9.98505E-05 0.998303 9.98505E-05 9.98505E-05 9.98505E-05 9.98505E-05 9.98505E-05 9.98505E-05 9.98505E-05 9.98505E-05 9.98505E-05 9.98505E-05 9.98505E-05 9.98505E-05 9.98505E-05 9.98505E-05 9.98505E-05 9.98505E-05
9.98505E-05 9.98505E-05 9.98505E-05 9.98505E-05 0.998303 9.98505E-05 9.98505E-05 9.98505E-05 9.98505E-05 9.98505E-05 9.98505E-05 9.98505E-05 9.98505E-05 9.98505E-05 9.98505E-05 9.98505E-05 9.98505E-05 9.98505E-05
9.98505E-05 9.98505E-05 9.98505E-05 9.98505E-05 0.998303 9.98505E-05 9.98505E-05 9.98505E-05 9.98505E-05 9.98505E-05 9.98505E-05 9.98505E-05 9.98505E-05 9.98505E-05 9.98505E-05 9.98505E-05 9.98505E-05 9.98505E-05
9.98505E-05 9.98505E-05 9.98505E-05 9.98505E-05 0.998303 9.98505E-05 9.98505E-05 9.98505E-05 9.98505E-05 9.98505E-05 9.98505E-05 9.98505E-05 9.98505E-05 9.98505E-05 9.98505E-05 9.98505E-05 9.98505E-05 9.98505E-05
9.98506E-05 9.98506E-05 9.98506E-05 9.98506E-05 0.998303 9.98506E-05 9.98506E-05 9.98506E-05 9.98506E-05 9.98506E-05 9.98506E-05 9.98506E-05 9.98506E-05 9.98506E-05 9.98506E-05 9.98506E-05 9.98506E-05 9.98506E-05
9.98505E-05 0.998303 9.98505E-05 9.98505E-05 9.98505E-05 9.98505E-05 9.98505E-05 9.98505E-05 9.98505E-05 9.98505E-05 9.98505E-05 9.98505E-05 9.98505E-05 9.98505E-05 9.98505E-05 9.98505E-05 9.98505E-05 9.98505E-05
9.98506E-05 9.98506E-05 9.98506E-05 9.98506E-05 0.998303 9.98506E-05 9.98506E-05 9.98506E-05 9.98506E-05 9.98506E-05 9.98506E-05 9.98506E-05 9.98506E-05 9.98506E-05 9.98506E-05 9.98506E-05 9.98506E-05 9.98506E-05
9.98506E-05 9.98506E-05 9.98506E-05 9.98506E-05 0.998303 9.98506E-05 9.98506E-05 9.98506E-05 9.98506E-05 9.98506E-05 9.98506E-05 9.98506E-05 9.98506E-05 9.98506E-05 9.98506E-05 9.98506E-05 9.98506E-05 9.98506E-05
