9.9842E-05 9.9842E-05 9.9842E-05 9.9842E-05 0.00115513 0.109326 9.9842E-05 9.9842E-05 9.9842E-05 0.326579 0.0213586 9.9842E-05 9.9842E-05 0.28442 9.9842E-05 9.9842E-05 0.0099786 0.0752963 9.9842E-05 9.9842E-05 9.9842E-05 9.9842E-05 0.114669 0.00831295 9.9842E-05 9.9842E-05 9.9842E-05 0.0471079
9.97808E-05 9.97808E-05 9.97808E-05 9.97808E-05 9.97808E-05 9.97808E-05 9.97808E-05 9.97808E-05 9.97808E-05 9.97808E-05 9.97808E-05 9.97808E-05 9.97808E-05 0.118207 9.97808E-05 9.97808E-05 9.97808E-05 0.822911 9.97808E-05 9.97808E-05 9.97808E-05 9.97808E-05 9.97808E-05 9.97808E-05 9.97808E-05 9.97808E-05 9.97808E-05 0.0563872
9.97631E-05 9.97631E-05 9.97631E-05 9.97631E-05 9.97631E-05 9.97631E-05 9.97631E-05 9.97631E-05 9.97631E-05 9.97631E-05 9.97631E-05 9.97631E-05 9.97631E-05 9.97631E-05 9.97631E-05 9.97631E-05 9.97631E-05 9.97631E-05 9.97631E-05 9.97631E-05 9.97631E-05 9.97631E-05 9.97631E-05 9.97631E-05 9.97631E-05 9.97631E-05 0.997306 9.97631E-05
0.239706 9.98246E-05 9.98246E-05 9.98246E-05 0.0794353 0.164111 9.98246E-05 9.98246E-05 9.98246E-05 9.98246E-05 9.98246E-05 9.98246E-05 9.98246E-05 9.98246E-05 0.121118 9.98246E-05 9.98246E-05 0.177574 9.98246E-05 9.98246E-05 9.98246E-05 9.98246E-05 0.0984053 0.00327595 9.98246E-05 9.98246E-05 0.114377 9.98246E-05
9.98072E-05 0.0213659 9.98072E-05 0.0285171 9.98072E-05 9.98072E-05 9.98072E-05 9.98072E-05 9.98072E-05 0.227224 9.98072E-05 9.98072E-05 9.98072E-05 9.98072E-05 0.0202856 9.98072E-05 9.98072E-05 0.638754 9.98072E-05 0.061658 9.98072E-05 9.98072E-05 9.98072E-05 9.98072E-05 9.98072E-05 9.98072E-05 9.98072E-05 9.98072E-05
9.98509E-05 0.144996 9.98509E-05 9.98509E-05 9.98509E-05 0.0311691 0.0830848 9.98509E-05 9.98509E-05 0.104226 9.98509E-05 9.98509E-05 9.98509E-05 0.256879 0.167092 9.98509E-05 0.0089047 9.98509E-05 9.98509E-05 0.0847247 9.98509E-05 9.98509E-05 0.000307654 9.98509E-05 9.98509E-05 9.98509E-05 0.0865865 0.0303321
0.0886244 0.0294557 9.98509E-05 0.0315971 0.0872544 0.0637678 9.98509E-05 0.111805 9.98509E-05 9.98509E-05 9.98509E-05 9.98509E-05 9.98509E-05 0.035981 9.98509E-05 9.98509E-05 9.98509E-05 0.367062 9.98509E-05 9.98509E-05 9.98509E-05 0.0367211 9.98509E-05 9.98509E-05 0.0350306 9.98509E-05 9.98509E-05 0.111003
9.98422E-05 0.0433558 9.98422E-05 0.0089228 9.98422E-05 0.16418 0.16235 9.98422E-05 9.98422E-05 0.269731 0.0358793 9.98422E-05 9.98422E-05 9.98422E-05 0.107112 9.98422E-05 0.134201 9.98422E-05 9.98422E-05 0.0275777 0.0448943 9.98422E-05 9.98422E-05 9.98422E-05 9.98422E-05 9.98422E-05 9.98422E-05 9.98422E-05
9.98421E-05 9.98421E-05 9.98421E-05 9.98421E-05 9.98421E-05 9.98421E-05 0.241641 9.98421E-05 9.98421E-05 0.118943 9.98421E-05 9.98421E-05 9.98421E-05 9.98421E-05 0.0818413 0.0543394 9.98421E-05 0.104549 9.98421E-05 9.98421E-05 9.98421E-05 9.98421E-05 0.0396449 0.264397 0.0173611 0.0429288 0.0325573 9.98421E-05
9.97631E-05 9.97631E-05 9.97631E-05 9.97631E-05 9.97631E-05 9.97631E-05 9.97631E-05 9.97631E-05 9.97631E-05 9.97631E-05 9.97631E-05 9.97631E-05 9.97631E-05 9.97631E-05 9.97631E-05 9.97631E-05 9.97631E-05 0.997306 9.97631E-05 9.97631E-05 9.97631E-05 9.97631E-05 9.97631E-05 9.97631E-05 9.97631E-05 9.97631E-05 9.97631E-05 9.97631E-05
9.97983E-05 9.97983E-05 9.97983E-05 9.97983E-05 0.182213 0.0210145 9.97983E-05 9.97983E-05 9.97983E-05 9.97983E-05 9.97983E-05 9.97983E-05 9.97983E-05 0.00770028 9.97983E-05 9.97983E-05 9.97983E-05 0.626196 9.97983E-05 9.97983E-05 9.97983E-05 9.97983E-05 9.97983E-05 0.16058 9.97983E-05 9.97983E-05 9.97983E-05 9.97983E-05
0.0404816 0.0166953 9.97806E-05 9.97806E-05 9.97806E-05 9.97806E-05 9.97806E-05 9.97806E-05 9.97806E-05 9.97806E-05 9.97806E-05 9.97806E-05 9.97806E-05 9.97806E-05 9.97806E-05 9.97806E-05 9.97806E-05 9.97806E-05 9.97806E-05 9.97806E-05 9.97806E-05 9.97806E-05 9.97806E-05 9.97806E-05 9.97806E-05 9.97806E-05 0.940329 9.97806E-05
9.97896E-05 9.97896E-05 9.97896E-05 9.97896E-05 9.97896E-05 0.00195627 0.0165431 9.97896E-05 9.97896E-05 9.97896E-05 9.97896E-05 9.97896E-05 9.97896E-05 9.97896E-05 9.97896E-05 9.97896E-05 9.97896E-05 0.954116 9.97896E-05 9.97896E-05 9.97896E-05 9.97896E-05 9.97896E-05 0.0249898 9.97896E-05 9.97896E-05 9.97896E-05 9.97896E-05
9.98335E-05 9.98335E-05 9.98335E-05 9.98335E-05 0.0996718 9.98335E-05 9.98335E-05 0.00933869 0.136905 0.505011 9.98335E-05 9.98335E-05 9.98335E-05 9.98335E-05 9.98335E-05 9.98335E-05 9.98335E-05 9.98335E-05 9.98335E-05 0.00574842 0.00472317 9.98335E-05 9.98335E-05 0.050844 9.98335E-05 0.0277153 0.158146 9.98335E-05
9.9816E-05 9.9816E-05 9.9816E-05 9.9816E-05 9.9816E-05 9.9816E-05 0.0874676 9.9816E-05 9.9816E-05 9.9816E-05 9.9816E-05 9.9816E-05 9.9816E-05 0.263894 0.123294 9.9816E-05 9.9816E-05 0.284792 0.0438319 9.9816E-05 9.9816E-05 9.9816E-05 9.9816E-05 0.0880113 9.9816E-05 0.106614 9.9816E-05 9.9816E-05
0.0186775 9.98419E-05 9.98419E-05 9.98419E-05 9.98419E-05 0.0563483 0.139741 9.98419E-05 9.98419E-05 0.417592 0.0195893 9.98419E-05 9.98419E-05 0.0781739 9.98419E-05 9.98419E-05 9.98419E-05 9.98419E-05 0.0283921 9.98419E-05 0.11579 9.98419E-05 0.0179341 0.105965 9.98419E-05 9.98419E-05 9.98419E-05 9.98419E-05
0.0323313 9.9842E-05 9.9842E-05 9.9842E-05 0.0241031 0.0383152 9.9842E-05 9.9842E-05 9.9842E-05 9.9842E-05 0.0479949 0.127752 9.9842E-05 9.9842E-05 9.9842E-05 9.9842E-05 9.9842E-05 0.171569 0.0173146 9.9842E-05 9.9842E-05 9.9842E-05 9.9842E-05 0.063245 9.9842E-05 9.9842E-05 0.415718 0.0598599
9.98158E-05 9.98158E-05 9.98158E-05 9.98158E-05 9.98158E-05 0.155713 0.0084903 9.98158E-05 9.98158E-05 9.98158E-05 9.98158E-05 9.98158E-05 0.147933 0.239599 9.98158E-05 0.0971483 9.98158E-05 0.233698 9.98158E-05 9.98158E-05 9.98158E-05 9.98158E-05 9.98158E-05 0.115322 9.98158E-05 9.98158E-05 9.98158E-05 9.98158E-05
9.98071E-05 0.236101 9.98071E-05 9.98071E-05 9.98071E-05 0.0990398 0.0839136 9.98071E-05 9.98071E-05 0.0615779 9.98071E-05 9.98071E-05 9.98071E-05 9.98071E-05 9.98071E-05 9.98071E-05 9.98071E-05 0.332264 9.98071E-05 9.98071E-05 9.98071E-05 9.98071E-05 9.98071E-05 0.184909 9.98071E-05 9.98071E-05 9.98071E-05 9.98071E-05
9.97721E-05 9.97721E-05 9.97721E-05 9.97721E-05 9.97721E-05 9.97721E-05 9.97721E-05 9.97721E-05 9.97721E-05 0.162202 9.97721E-05 9.97721E-05 9.97721E-05 9.97721E-05 9.97721E-05 9.97721E-05 9.97721E-05 0.835204 9.97721E-05 9.97721E-05 9.97721E-05 9.97721E-05 9.97721E-05 9.97721E-05 9.97721E-05 9.97721E-05 9.97721E-05 9.97721E-05
9.9807E-05 9.9807E-05 9.9807E-05 0.115455 9.9807E-05 9.9807E-05 0.045344 9.9807E-05 9.9807E-05 0.646525 9.9807E-05 9.9807E-05 9.9807E-05 9.9807E-05 9.9807E-05 9.9807E-05 9.9807E-05 9.9807E-05 0.0595079 9.9807E-05 0.0251488 9.9807E-05 0.105824 9.9807E-05 9.9807E-05 9.9807E-05 9.9807E-05 9.9807E-05
9.98247E-05 0.120977 0.0217185 9.98247E-05 9.98247E-05 0.294593 0.139494 9.98247E-05 9.98247E-05 9.98247E-05 9.98247E-05 9.98247E-05 9.98247E-05 9.98247E-05 9.98247E-05 9.98247E-05 9.98247E-05 0.274985 9.98247E-05 0.0211857 9.98247E-05 0.123945 9.98247E-05 9.98247E-05 9.98247E-05 9.98247E-05 9.98247E-05 0.00110557
9.97806E-05 9.97806E-05 9.97806E-05 9.97806E-05 9.97806E-05 9.97806E-05 9.97806E-05 9.97806E-05 9.97806E-05 0.849151 9.97806E-05 9.97806E-05 9.97806E-05 0.071178 9.97806E-05 9.97806E-05 9.97806E-05 9.97806E-05 9.97806E-05 9.97806E-05 9.97806E-05 9.97806E-05 9.97806E-05 0.0771762 9.97806E-05 9.97806E-05 9.97806E-05 9.97806E-05
9.98247E-05 9.98247E-05 9.98247E-05 9.98247E-05 9.98247E-05 0.241144 9.98247E-05 9.98247E-05 9.98247E-05 0.190618 0.0233561 9.98247E-05 9.98247E-05 0.0433135 9.98247E-05 9.98247E-05 9.98247E-05 0.221389 9.98247E-05 9.98247E-05 0.00492061 9.98247E-05 9.98247E-05 0.234108 0.0391538 9.98247E-05 9.98247E-05 9.98247E-05
9.98157E-05 9.98157E-05 0.0598395 9.98157E-05 9.98157E-05 0.0837149 9.98157E-05 9.98157E-05 9.98157E-05 0.250281 9.98157E-05 9.98157E-05 9.98157E-05 9.98157E-05 0.0211852 9.98157E-05 9.98157E-05 9.98157E-05 0.095895 9.98157E-05 9.98157E-05 9.98157E-05 0.157271 0.329717 9.98157E-05 9.98157E-05 9.98157E-05 9.98157E-05
9.97982E-05 9.97982E-05 0.0354655 9.97982E-05 9.97982E-05 0.0545559 9.97982E-05 9.97982E-05 9.97982E-05 0.857669 9.97982E-05 9.97982E-05 9.97982E-05 9.97982E-05 9.97982E-05 9.97982E-05 9.97982E-05 9.97982E-05 9.97982E-05 0.00445662 9.97982E-05 9.97982E-05 9.97982E-05 0.0455572 9.97982E-05 9.97982E-05 9.97982E-05 9.97982E-05
9.98157E-05 9.98157E-05 0.296316 9.98157E-05 9.98157E-05 0.193402 9.98157E-05 9.98157E-05 9.98157E-05 0.146075 9.98157E-05 9.98157E-05 0.103503 9.98157E-05 9.98157E-05 9.98157E-05 9.98157E-05 9.98157E-05 9.98157E-05 9.98157E-05 0.0305047 0.202031 9.98157E-05 0.026071 9.98157E-05 9.98157E-05 9.98157E-05 9.98157E-05
0.00221232 0.0597353 9.97984E-05 9.97984E-05 9.97984E-05 9.97984E-05 9.97984E-05 9.97984E-05 9.97984E-05 0.571341 9.97984E-05 9.97984E-05 9.97984E-05 9.97984E-05 0.014 9.97984E-05 9.97984E-05 0.350416 9.97984E-05 9.97984E-05 9.97984E-05 9.97984E-05 9.97984E-05 9.97984E-05 9.97984E-05 9.97984E-05 9.97984E-05 9.97984E-05
9.97985E-05 9.97985E-05 0.00561566 9.97985E-05 9.97985E-05 0.071404 9.97985E-05 9.97985E-05 9.97985E-05 9.97985E-05 9.97985E-05 9.97985E-05 9.97985E-05 0.0334848 9.97985E-05 9.97985E-05 9.97985E-05 0.730237 9.97985E-05 9.97985E-05 9.97985E-05 9.97985E-05 9.97985E-05 0.156963 9.97985E-05 9.97985E-05 9.97985E-05 9.97985E-05
9.97896E-05 9.97896E-05 9.97896E-05 9.97896E-05 9.97896E-05 9.97896E-05 9.97896E-05 0.0182165 9.97896E-05 0.935675 0.0080842 9.97896E-05 9.97896E-05 9.97896E-05 9.97896E-05 9.97896E-05 9.97896E-05 9.97896E-05 9.97896E-05 9.97896E-05 9.97896E-05 9.97896E-05 9.97896E-05 0.0356289 9.97896E-05 9.97896E-05 9.97896E-05 9.97896E-05
9.97982E-05 0.00766852 9.97982E-05 9.97982E-05 0.148676 9.97982E-05 9.97982E-05 9.97982E-05 9.97982E-05 9.97982E-05 9.97982E-05 9.97982E-05 9.97982E-05 0.137227 9.97982E-05 9.97982E-05 9.97982E-05 0.652042 0.0520899 9.97982E-05 9.97982E-05 9.97982E-05 9.97982E-05 9.97982E-05 9.97982E-05 9.97982E-05 9.97982E-05 9.97982E-05
0.0784374 9.9825E-05 9.9825E-05 9.9825E-05 0.0507476 9.9825E-05 9.9825E-05 9.9825E-05 9.9825E-05 0.138726 9.9825E-05 9.9825E-05 9.9825E-05 9.9825E-05 0.206934 9.9825E-05 9.9825E-05 0.374544 0.0563383 9.9825E-05 9.9825E-05 9.9825E-05 9.9825E-05 0.069243 9.9825E-05 9.9825E-05 0.0230323 9.9825E-05
9.98333E-05 9.98333E-05 0.0173695 9.98333E-05 0.069977 0.134544 9.98333E-05 0.00188275 9.98333E-05 9.98333E-05 9.98333E-05 9.98333E-05 9.98333E-05 0.0283619 9.98333E-05 9.98333E-05 9.98333E-05 0.157341 9.98333E-05 9.98333E-05 0.043552 9.98333E-05 9.98333E-05 0.133372 9.98333E-05 9.98333E-05 0.411702 9.98333E-05
9.98157E-05 0.00683688 0.0458107 9.98157E-05 9.98157E-05 0.124599 9.98157E-05 9.98157E-05 9.98157E-05 9.98157E-05 9.98157E-05 9.98157E-05 0.00278237 9.98157E-05 9.98157E-05 9.98157E-05 9.98157E-05 9.98157E-05 9.98157E-05 9.98157E-05 9.98157E-05 9.98157E-05 9.98157E-05 0.135227 0.020583 9.98157E-05 0.662065 9.98157E-05
9.98248E-05 9.98248E-05 9.98248E-05 9.98248E-05 0.0109997 9.98248E-05 0.0134802 9.98248E-05 9.98248E-05 0.123955 9.98248E-05 9.98248E-05 9.98248E-05 9.98248E-05 9.98248E-05 9.98248E-05 9.98248E-05 0.503908 9.98248E-05 9.98248E-05 9.98248E-05 9.98248E-05 0.0914209 0.0229148 9.98248E-05 9.98248E-05 0.226805 0.00452009
0.0846947 9.98158E-05 9.98158E-05 9.98158E-05 9.98158E-05 0.0320819 0.0039876 9.98158E-05 9.98158E-05 0.607681 9.98158E-05 9.98158E-05 9.98158E-05 9.98158E-05 9.98158E-05 9.98158E-05 9.98158E-05 0.114387 9.98158E-05 9.98158E-05 9.98158E-05 0.133414 9.98158E-05 9.98158E-05 0.0216578 9.98158E-05 9.98158E-05 9.98158E-05
9.9781E-05 0.00537355 9.9781E-05 9.9781E-05 9.9781E-05 9.9781E-05 9.9781E-05 0.0281691 9.9781E-05 0.963963 9.9781E-05 9.9781E-05 9.9781E-05 9.9781E-05 9.9781E-05 9.9781E-05 9.9781E-05 9.9781E-05 9.9781E-05 9.9781E-05 9.9781E-05 9.9781E-05 9.9781E-05 9.9781E-05 9.9781E-05 9.9781E-05 9.9781E-05 9.9781E-05
9.98071E-05 9.98071E-05 9.98071E-05 9.98071E-05 9.98071E-05 9.98071E-05 0.130025 9.98071E-05 9.98071E-05 9.98071E-05 9.98071E-05 9.98071E-05 9.98071E-05 9.98071E-05 9.98071E-05 9.98071E-05 9.98071E-05 0.314675 9.98071E-05 9.98071E-05 9.98071E-05 9.98071E-05 0.0566773 0.085027 9.98071E-05 9.98071E-05 0.38204 0.0293612
9.98071E-05 9.98071E-05 0.000980894 9.98071E-05 0.00430539 0.00183076 9.98071E-05 9.98071E-05 9.98071E-05 9.98071E-05 9.98071E-05 9.98071E-05 9.98071E-05 9.98071E-05 0.0970323 9.98071E-05 9.98071E-05 9.98071E-05 9.98071E-05 9.98071E-05 9.98071E-05 9.98071E-05 9.98071E-05 0.185692 9.98071E-05 9.98071E-05 0.707963 9.98071E-05
9.98158E-05 9.98158E-05 0.092225 9.98158E-05 9.98158E-05 0.0030235 9.98158E-05 0.0331752 9.98158E-05 0.136965 9.98158E-05 9.98158E-05 9.98158E-05 9.98158E-05 9.98158E-05 9.98158E-05 9.98158E-05 9.98158E-05 0.0616301 9.98158E-05 9.98158E-05 9.98158E-05 9.98158E-05 0.170734 9.98158E-05 9.98158E-05 0.500152 9.98158E-05
9.97984E-05 9.97984E-05 9.97984E-05 9.97984E-05 0.00872954 0.0371501 9.97984E-05 9.97984E-05 9.97984E-05 9.97984E-05 9.97984E-05 9.97984E-05 9.97984E-05 9.97984E-05 9.97984E-05 9.97984E-05 9.97984E-05 0.884826 9.97984E-05 9.97984E-05 9.97984E-05 9.97984E-05 9.97984E-05 0.0635344 9.97984E-05 0.00346497 9.97984E-05 9.97984E-05
9.98071E-05 9.98071E-05 9.98071E-05 9.98071E-05 9.98071E-05 0.115212 0.00544692 9.98071E-05 9.98071E-05 9.98071E-05 9.98071E-05 9.98071E-05 9.98071E-05 9.98071E-05 9.98071E-05 9.98071E-05 9.98071E-05 0.761355 9.98071E-05 9.98071E-05 9.98071E-05 0.0137289 9.98071E-05 0.0442439 9.98071E-05 9.98071E-05 9.98071E-05 0.057817
9.97983E-05 0.0267184 9.97983E-05 9.97983E-05 9.97983E-05 9.97983E-05 9.97983E-05 9.97983E-05 0.0831459 9.97983E-05 9.97983E-05 9.97983E-05 9.97983E-05 9.97983E-05 9.97983E-05 9.97983E-05 9.97983E-05 0.844049 9.97983E-05 9.97983E-05 9.97983E-05 0.043582 9.97983E-05 9.97983E-05 9.97983E-05 9.97983E-05 9.97983E-05 0.000209623
9.98335E-05 9.98335E-05 9.98335E-05 9.98335E-05 0.0187239 0.0911291 0.0872671 9.98335E-05 9.98335E-05 9.98335E-05 9.98335E-05 9.98335E-05 9.98335E-05 0.0925293 0.0600329 9.98335E-05 9.98335E-05 0.0971976 9.98335E-05 9.98335E-05 9.98335E-05 9.98335E-05 9.98335E-05 0.162664 0.00798963 9.98335E-05 0.38057 9.98335E-05
0.0466381 0.064116 9.98158E-05 9.98158E-05 9.98158E-05 0.433835 9.98158E-05 9.98158E-05 9.98158E-05 0.0384951 9.98158E-05 9.98158E-05 9.98158E-05 9.98158E-05 9.98158E-05 9.98158E-05 9.98158E-05 9.98158E-05 9.98158E-05 0.0497529 9.98158E-05 9.98158E-05 9.98158E-05 0.11601 9.98158E-05 9.98158E-05 0.249057 9.98158E-05
0.0383547 9.97983E-05 9.97983E-05 9.97983E-05 9.97983E-05 9.97983E-05 9.97983E-05 9.97983E-05 9.97983E-05 9.97983E-05 9.97983E-05 9.97983E-05 9.97983E-05 9.97983E-05 9.97983E-05 0.0483835 9.97983E-05 0.392588 9.97983E-05 9.97983E-05 9.97983E-05 9.97983E-05 9.97983E-05 0.0693439 9.97983E-05 9.97983E-05 0.449035 9.97983E-05
0.0538713 9.97895E-05 9.97895E-05 9.97895E-05 9.97895E-05 9.97895E-05 9.97895E-05 9.97895E-05 9.97895E-05 9.97895E-05 9.97895E-05 9.97895E-05 0.0254668 9.97895E-05 9.97895E-05 9.97895E-05 9.97895E-05 0.879218 9.97895E-05 9.97895E-05 9.97895E-05 9.97895E-05 9.97895E-05 0.0390492 9.97895E-05 9.97895E-05 9.97895E-05 9.97895E-05
9.9763E-05 9.9763E-05 9.9763E-05 9.9763E-05 9.9763E-05 9.9763E-05 9.9763E-05 9.9763E-05 9.9763E-05 9.9763E-05 9.9763E-05 9.9763E-05 9.9763E-05 9.9763E-05 9.9763E-05 9.9763E-05 9.9763E-05 9.9763E-05 9.9763E-05 9.9763E-05 9.9763E-05 9.9763E-05 9.9763E-05 9.9763E-05 9.9763E-05 9.9763E-05 0.997306 9.9763E-05
9.9842E-05 0.0476486 9.9842E-05 9.9842E-05 0.000406772 0.112771 9.9842E-05 9.9842E-05 9.9842E-05 0.24881 9.9842E-05 9.9842E-05 9.9842E-05 0.0157419 9.9842E-05 9.9842E-05 9.9842E-05 0.335921 9.9842E-05 9.9842E-05 0.020883 9.9842E-05 0.000756169 0.10955 9.9842E-05 9.9842E-05 0.105714 9.9842E-05
9.98337E-05 0.0245008 9.98337E-05 9.98337E-05 0.0118772 9.98337E-05 9.98337E-05 0.146186 9.98337E-05 0.0308206 9.98337E-05 9.98337E-05 0.00114608 9.98337E-05 0.0372838 9.98337E-05 0.00347461 0.289638 9.98337E-05 9.98337E-05 9.98337E-05 9.98337E-05 9.98337E-05 9.98337E-05 9.98337E-05 9.98337E-05 0.453176 9.98337E-05
9.98244E-05 9.98244E-05 0.0488567 9.98244E-05 0.0814628 9.98244E-05 0.0357522 9.98244E-05 9.98244E-05 0.402486 9.98244E-05 9.98244E-05 9.98244E-05 9.98244E-05 0.0772676 9.98244E-05 9.98244E-05 9.98244E-05 9.98244E-05 9.98244E-05 9.98244E-05 0.097148 0.0817675 0.173262 9.98244E-05 9.98244E-05 9.98244E-05 9.98244E-05
0.0928277 9.98073E-05 9.98073E-05 9.98073E-05 9.98073E-05 0.159268 0.00833586 9.98073E-05 9.98073E-05 9.98073E-05 9.98073E-05 9.98073E-05 9.98073E-05 9.98073E-05 9.98073E-05 9.98073E-05 9.98073E-05 0.640946 9.98073E-05 0.0790781 0.0173489 9.98073E-05 9.98073E-05 9.98073E-05 9.98073E-05 9.98073E-05 9.98073E-05 9.98073E-05
9.97634E-05 9.97634E-05 9.97634E-05 9.97634E-05 9.97634E-05 9.97634E-05 9.97634E-05 9.97634E-05 9.97634E-05 9.97634E-05 9.97634E-05 9.97634E-05 9.97634E-05 9.97634E-05 9.97634E-05 9.97634E-05 9.97634E-05 0.997306 9.97634E-05 9.97634E-05 9.97634E-05 9.97634E-05 9.97634E-05 9.97634E-05 9.97634E-05 9.97634E-05 9.97634E-05 9.97634E-05
9.98159E-05 9.98159E-05 9.98159E-05 9.98159E-05 0.0572074 9.98159E-05 9.98159E-05 0.00486251 9.98159E-05 9.98159E-05 9.98159E-05 9.98159E-05 0.0203531 9.98159E-05 9.98159E-05 9.98159E-05 9.98159E-05 9.98159E-05 9.98159E-05 0.00594593 0.108981 9.98159E-05 0.0177002 9.98159E-05 9.98159E-05 9.98159E-05 0.782853 9.98159E-05
9.97897E-05 9.97897E-05 9.97897E-05 9.97897E-05 9.97897E-05 9.97897E-05 9.97897E-05 9.97897E-05 9.97897E-05 0.189119 9.97897E-05 9.97897E-05 9.97897E-05 9.97897E-05 9.97897E-05 9.97897E-05 9.97897E-05 9.97897E-05 0.0733483 9.97897E-05 9.97897E-05 9.97897E-05 9.97897E-05 0.0449322 9.97897E-05 9.97897E-05 0.690205 9.97897E-05
9.98072E-05 0.0293615 0.0571175 9.98072E-05 9.98072E-05 9.98072E-05 9.98072E-05 9.98072E-05 9.98072E-05 9.98072E-05 9.98072E-05 9.98072E-05 0.0128803 9.98072E-05 9.98072E-05 9.98072E-05 9.98072E-05 9.98072E-05 9.98072E-05 9.98072E-05 9.98072E-05 0.0676298 0.018914 9.98072E-05 9.98072E-05 9.98072E-05 0.811901 9.98072E-05
9.98158E-05 0.0527168 9.98158E-05 9.98158E-05 9.98158E-05 9.98158E-05 9.98158E-05 9.98158E-05 9.98158E-05 0.453651 9.98158E-05 9.98158E-05 0.0583426 9.98158E-05 9.98158E-05 9.98158E-05 9.98158E-05 0.344482 9.98158E-05 9.98158E-05 9.98158E-05 9.98158E-05 9.98158E-05 0.0806889 9.98158E-05 0.00279232 9.98158E-05 0.00522993
0.0482756 9.9772E-05 9.9772E-05 9.9772E-05 9.9772E-05 9.9772E-05 9.9772E-05 9.9772E-05 9.9772E-05 0.94913 9.9772E-05 9.9772E-05 9.9772E-05 9.9772E-05 9.9772E-05 9.9772E-05 9.9772E-05 9.9772E-05 9.9772E-05 9.9772E-05 9.9772E-05 9.9772E-05 9.9772E-05 9.9772E-05 9.9772E-05 9.9772E-05 9.9772E-05 9.9772E-05
9.98245E-05 0.000950513 9.98245E-05 9.98245E-05 0.033688 9.98245E-05 9.98245E-05 0.00650558 9.98245E-05 9.98245E-05 9.98245E-05 9.98245E-05 9.98245E-05 9.98245E-05 9.98245E-05 9.98245E-05 0.0113245 0.732405 9.98245E-05 9.98245E-05 9.98245E-05 0.0160445 9.98245E-05 0.019424 9.98245E-05 9.98245E-05 0.177662 9.98245E-05
9.98246E-05 9.98246E-05 0.00199763 9.98246E-05 0.0119794 9.98246E-05 0.00528537 9.98246E-05 9.98246E-05 9.98246E-05 9.98246E-05 9.98246E-05 0.0541871 0.673917 9.98246E-05 9.98246E-05 0.0433078 9.98246E-05 9.98246E-05 9.98246E-05 9.98246E-05 9.98246E-05 9.98246E-05 0.118069 9.98246E-05 0.0892597 9.98246E-05 9.98246E-05
9.97724E-05 9.97724E-05 9.97724E-05 9.97724E-05 9.97724E-05 9.97724E-05 9.97724E-05 9.97724E-05 9.97724E-05 9.97724E-05 9.97724E-05 9.97724E-05 9.97724E-05 0.981807 9.97724E-05 9.97724E-05 9.97724E-05 9.97724E-05 9.97724E-05 9.97724E-05 9.97724E-05 9.97724E-05 0.0155987 9.97724E-05 9.97724E-05 9.97724E-05 9.97724E-05 9.97724E-05
9.97808E-05 9.97808E-05 9.97808E-05 9.97808E-05 9.97808E-05 9.97808E-05 9.97808E-05 0.0355155 9.97808E-05 9.97808E-05 9.97808E-05 9.97808E-05 0.102639 0.859351 9.97808E-05 9.97808E-05 9.97808E-05 9.97808E-05 9.97808E-05 9.97808E-05 9.97808E-05 9.97808E-05 9.97808E-05 9.97808E-05 9.97808E-05 9.97808E-05 9.97808E-05 9.97808E-05
9.9807E-05 9.9807E-05 0.227232 9.9807E-05 9.9807E-05 9.9807E-05 0.123677 0.0211425 9.9807E-05 9.9807E-05 9.9807E-05 9.9807E-05 0.0393324 0.290872 9.9807E-05 9.9807E-05 9.9807E-05 9.9807E-05 9.9807E-05 9.9807E-05 9.9807E-05 9.9807E-05 9.9807E-05 9.9807E-05 9.9807E-05 9.9807E-05 9.9807E-05 0.295548
9.98242E-05 9.98242E-05 9.98242E-05 9.98242E-05 9.98242E-05 0.0585525 0.0753667 0.0294884 9.98242E-05 9.98242E-05 9.98242E-05 9.98242E-05 0.0405348 0.66764 9.98242E-05 0.0600551 9.98242E-05 9.98242E-05 9.98242E-05 0.0271612 9.98242E-05 9.98242E-05 9.98242E-05 0.0392052 9.98242E-05 9.98242E-05 9.98242E-05 9.98242E-05
9.97978E-05 9.97978E-05 9.97978E-05 9.97978E-05 9.97978E-05 0.107157 0.0318476 9.97978E-05 9.97978E-05 9.97978E-05 0.0126957 9.97978E-05 9.97978E-05 0.633579 9.97978E-05 9.97978E-05 9.97978E-05 9.97978E-05 9.97978E-05 9.97978E-05 9.97978E-05 9.97978E-05 9.97978E-05 0.212425 9.97978E-05 9.97978E-05 9.97978E-05 9.97978E-05
0.0285343 9.98157E-05 9.98157E-05 9.98157E-05 0.0884887 9.98157E-05 9.98157E-05 9.98157E-05 9.98157E-05 9.98157E-05 0.00578303 9.98157E-05 0.00333183 0.473768 9.98157E-05 9.98157E-05 9.98157E-05 9.98157E-05 9.98157E-05 9.98157E-05 9.98157E-05 9.98157E-05 9.98157E-05 0.103359 9.98157E-05 9.98157E-05 9.98157E-05 0.294639
9.98243E-05 0.0336613 0.0235027 9.98243E-05 9.98243E-05 9.98243E-05 0.0560351 0.0391581 9.98243E-05 9.98243E-05 9.98243E-05 9.98243E-05 0.195162 0.540101 9.98243E-05 9.98243E-05 9.98243E-05 9.98243E-05 9.98243E-05 9.98243E-05 9.98243E-05 9.98243E-05 9.98243E-05 0.0499514 9.98243E-05 9.98243E-05 9.98243E-05 0.0604326
9.9772E-05 9.9772E-05 9.9772E-05 9.9772E-05 9.9772E-05 9.9772E-05 9.9772E-05 9.9772E-05 9.9772E-05 9.9772E-05 9.9772E-05 9.9772E-05 9.9772E-05 0.975749 9.9772E-05 9.9772E-05 9.9772E-05 9.9772E-05 9.9772E-05 9.9772E-05 9.9772E-05 0.0216566 9.9772E-05 9.9772E-05 9.9772E-05 9.9772E-05 9.9772E-05 9.9772E-05
9.97719E-05 9.97719E-05 9.97719E-05 9.97719E-05 0.00831103 9.97719E-05 9.97719E-05 9.97719E-05 9.97719E-05 9.97719E-05 9.97719E-05 9.97719E-05 9.97719E-05 0.989095 9.97719E-05 9.97719E-05 9.97719E-05 9.97719E-05 9.97719E-05 9.97719E-05 9.97719E-05 9.97719E-05 9.97719E-05 9.97719E-05 9.97719E-05 9.97719E-05 9.97719E-05 9.97719E-05
9.97979E-05 0.00488294 9.97979E-05 9.97979E-05 0.120741 9.97979E-05 0.0236404 9.97979E-05 9.97979E-05 9.97979E-05 9.97979E-05 9.97979E-05 9.97979E-05 0.60471 9.97979E-05 9.97979E-05 9.97979E-05 9.97979E-05 9.97979E-05 9.97979E-05 9.97979E-05 9.97979E-05 9.97979E-05 0.243731 9.97979E-05 9.97979E-05 9.97979E-05 9.97979E-05
0.0222938 0.0334141 9.98507E-05 9.98507E-05 0.0188386 0.0896589 9.98507E-05 0.0397492 9.98507E-05 9.98507E-05 9.98507E-05 9.98507E-05 9.98507E-05 0.480566 9.98507E-05 9.98507E-05 9.98507E-05 9.98507E-05 9.98507E-05 0.0301363 0.0311847 9.98507E-05 9.98507E-05 0.0931114 9.98507E-05 0.10011 9.98507E-05 0.0592389
9.98155E-05 9.98155E-05 0.024642 0.0711369 0.0367953 9.98155E-05 0.124839 9.98155E-05 9.98155E-05 9.98155E-05 0.177887 9.98155E-05 9.98155E-05 0.546033 9.98155E-05 9.98155E-05 9.98155E-05 9.98155E-05 9.98155E-05 9.98155E-05 0.0165707 9.98155E-05 9.98155E-05 9.98155E-05 9.98155E-05 9.98155E-05 9.98155E-05 9.98155E-05
9.9798E-05 0.0264585 9.9798E-05 9.9798E-05 9.9798E-05 0.181931 9.9798E-05 9.9798E-05 9.9798E-05 9.9798E-05 9.9798E-05 9.9798E-05 9.9798E-05 0.54693 9.9798E-05 9.9798E-05 9.9798E-05 9.9798E-05 9.9798E-05 9.9798E-05 9.9798E-05 9.9798E-05 9.9798E-05 0.199649 9.9798E-05 9.9798E-05 9.9798E-05 0.0427355
9.98074E-05 9.98074E-05 0.0026355 9.98074E-05 0.00407492 9.98074E-05 9.98074E-05 9.98074E-05 9.98074E-05 9.98074E-05 9.98074E-05 9.98074E-05 9.98074E-05 0.957477 9.98074E-05 9.98074E-05 9.98074E-05 9.98074E-05 9.98074E-05 0.00125295 0.0295674 0.00279631 9.98074E-05 9.98074E-05 9.98074E-05 9.98074E-05 9.98074E-05 9.98074E-05
0.0297828 9.97984E-05 9.97984E-05 9.97984E-05 0.0238163 9.97984E-05 0.0379402 9.97984E-05 9.97984E-05 9.97984E-05 9.97984E-05 9.97984E-05 9.97984E-05 0.869899 9.97984E-05 9.97984E-05 9.97984E-05 9.97984E-05 9.97984E-05 9.97984E-05 9.97984E-05 9.97984E-05 9.97984E-05 0.0362665 9.97984E-05 9.97984E-05 9.97984E-05 9.97984E-05
9.97892E-05 0.0913494 9.97892E-05 9.97892E-05 9.97892E-05 9.97892E-05 9.97892E-05 9.97892E-05 9.97892E-05 9.97892E-05 9.97892E-05 9.97892E-05 0.0892198 0.656753 9.97892E-05 9.97892E-05 0.160283 9.97892E-05 9.97892E-05 9.97892E-05 9.97892E-05 9.97892E-05 9.97892E-05 9.97892E-05 9.97892E-05 9.97892E-05 9.97892E-05 9.97892E-05
9.98069E-05 0.0631872 9.98069E-05 9.98069E-05 0.0697562 0.112169 0.0376391 9.98069E-05 9.98069E-05 9.98069E-05 0.0788294 9.98069E-05 9.98069E-05 0.636223 9.98069E-05 9.98069E-05 9.98069E-05 9.98069E-05 9.98069E-05 9.98069E-05 9.98069E-05 9.98069E-05 9.98069E-05 9.98069E-05 9.98069E-05 9.98069E-05 9.98069E-05 9.98069E-05
9.98069E-05 0.00175054 9.98069E-05 9.98069E-05 9.98069E-05 0.00646562 0.0163154 9.98069E-05 9.98069E-05 9.98069E-05 9.98069E-05 9.98069E-05 0.101387 0.828127 9.98069E-05 9.98069E-05 9.98069E-05 9.98069E-05 9.98069E-05 9.98069E-05 9.98069E-05 9.98069E-05 9.98069E-05 0.0437586 9.98069E-05 9.98069E-05 9.98069E-05 9.98069E-05
9.97979E-05 9.97979E-05 9.97979E-05 9.97979E-05 9.97979E-05 9.97979E-05 9.97979E-05 9.97979E-05 9.97979E-05 9.97979E-05 9.97979E-05 9.97979E-05 9.97979E-05 0.713044 9.97979E-05 9.97979E-05 9.97979E-05 9.97979E-05 9.97979E-05 9.97979E-05 0.0372073 0.0657198 0.0155172 0.166216 9.97979E-05 9.97979E-05 9.97979E-05 9.97979E-05
9.97726E-05 9.97726E-05 9.97726E-05 9.97726E-05 9.97726E-05 9.97726E-05 9.97726E-05 9.97726E-05 9.97726E-05 9.97726E-05 9.97726E-05 9.97726E-05 9.97726E-05 0.889772 9.97726E-05 9.97726E-05 9.97726E-05 9.97726E-05 9.97726E-05 9.97726E-05 9.97726E-05 9.97726E-05 9.97726E-05 9.97726E-05 9.97726E-05 9.97726E-05 0.107634 9.97726E-05
9.97894E-05 9.97894E-05 9.97894E-05 9.97894E-05 9.97894E-05 0.221205 9.97894E-05 0.0396003 9.97894E-05 9.97894E-05 9.97894E-05 9.97894E-05 9.97894E-05 0.688256 9.97894E-05 9.97894E-05 9.97894E-05 9.97894E-05 9.97894E-05 9.97894E-05 9.97894E-05 9.97894E-05 9.97894E-05 0.0485444 9.97894E-05 9.97894E-05 9.97894E-05 9.97894E-05
9.98334E-05 9.98334E-05 0.0502387 9.98334E-05 0.0222399 0.0323203 9.98334E-05 9.98334E-05 0.0824398 9.98334E-05 9.98334E-05 9.98334E-05 9.98334E-05 0.650273 0.0705602 9.98334E-05 9.98334E-05 9.98334E-05 9.98334E-05 9.98334E-05 9.98334E-05 9.98334E-05 0.0194626 9.98334E-05 9.98334E-05 0.0475059 9.98334E-05 0.0230625
9.98246E-05 0.121312 0.068522 9.98246E-05 0.0424692 9.98246E-05 0.00221859 0.0476121 9.98246E-05 9.98246E-05 9.98246E-05 9.98246E-05 9.98246E-05 0.626558 0.0514728 9.98246E-05 9.98246E-05 9.98246E-05 9.98246E-05 9.98246E-05 9.98246E-05 9.98246E-05 9.98246E-05 9.98246E-05 0.0378388 9.98246E-05 9.98246E-05 9.98246E-05
9.97805E-05 9.97805E-05 9.97805E-05 9.97805E-05 0.0786161 9.97805E-05 9.97805E-05 9.97805E-05 9.97805E-05 9.97805E-05 0.0893017 9.97805E-05 9.97805E-05 0.829588 9.97805E-05 9.97805E-05 9.97805E-05 9.97805E-05 9.97805E-05 9.97805E-05 9.97805E-05 9.97805E-05 9.97805E-05 9.97805E-05 9.97805E-05 9.97805E-05 9.97805E-05 9.97805E-05
9.97898E-05 9.97898E-05 9.97898E-05 9.97898E-05 9.97898E-05 9.97898E-05 0.0400889 9.97898E-05 9.97898E-05 9.97898E-05 9.97898E-05 9.97898E-05 9.97898E-05 0.840143 9.97898E-05 9.97898E-05 9.97898E-05 9.97898E-05 9.97898E-05 9.97898E-05 9.97898E-05 0.00659585 9.97898E-05 9.97898E-05 9.97898E-05 9.97898E-05 0.110778 9.97898E-05
9.97724E-05 9.97724E-05 9.97724E-05 9.97724E-05 9.97724E-05 9.97724E-05 9.97724E-05 9.97724E-05 9.97724E-05 0.0462452 9.97724E-05 9.97724E-05 9.97724E-05 0.951161 9.97724E-05 9.97724E-05 9.97724E-05 9.97724E-05 9.97724E-05 9.97724E-05 9.97724E-05 9.97724E-05 9.97724E-05 9.97724E-05 9.97724E-05 9.97724E-05 9.97724E-05 9.97724E-05
9.97634E-05 9.97634E-05 9.97634E-05 9.97634E-05 9.97634E-05 9.97634E-05 9.97634E-05 9.97634E-05 9.97634E-05 9.97634E-05 9.97634E-05 9.97634E-05 9.97634E-05 0.997306 9.97634E-05 9.97634E-05 9.97634E-05 9.97634E-05 9.97634E-05 9.97634E-05 9.97634E-05 9.97634E-05 9.97634E-05 9.97634E-05 9.97634E-05 9.97634E-05 9.97634E-05 9.97634E-05
9.97809E-05 9.97809E-05 9.97809E-05 9.97809E-05 9.97809E-05 9.97809E-05 9.97809E-05 9.97809E-05 9.97809E-05 9.97809E-05 0.0157967 9.97809E-05 0.094679 0.88703 9.97809E-05 9.97809E-05 9.97809E-05 9.97809E-05 9.97809E-05 9.97809E-05 9.97809E-05 9.97809E-05 9.97809E-05 9.97809E-05 9.97809E-05 9.97809E-05 9.97809E-05 9.97809E-05
9.97983E-05 9.97983E-05 9.97983E-05 9.97983E-05 9.97983E-05 9.97983E-05 9.97983E-05 9.97983E-05 0.275397 9.97983E-05 9.97983E-05 9.97983E-05 9.97983E-05 0.375122 9.97983E-05 9.97983E-05 9.97983E-05 9.97983E-05 9.97983E-05 9.97983E-05 9.97983E-05 0.126207 9.97983E-05 0.123345 9.97983E-05 9.97983E-05 0.097635 9.97983E-05
9.97985E-05 9.97985E-05 0.75358 9.97985E-05 9.97985E-05 9.97985E-05 0.0825931 9.97985E-05 9.97985E-05 9.97985E-05 9.97985E-05 9.97985E-05 9.97985E-05 9.97985E-05 0.0294957 9.97985E-05 9.97985E-05 9.97985E-05 9.97985E-05 0.00969978 9.97985E-05 9.97985E-05 9.97985E-05 0.122336 9.97985E-05 9.97985E-05 9.97985E-05 9.97985E-05
9.97719E-05 9.97719E-05 0.305893 9.97719E-05 9.97719E-05 9.97719E-05 9.97719E-05 9.97719E-05 0.691513 9.97719E-05 9.97719E-05 9.97719E-05 9.97719E-05 9.97719E-05 9.97719E-05 9.97719E-05 9.97719E-05 9.97719E-05 9.97719E-05 9.97719E-05 9.97719E-05 9.97719E-05 9.97719E-05 9.97719E-05 9.97719E-05 9.97719E-05 9.97719E-05 9.97719E-05
9.97896E-05 9.97896E-05 0.853965 9.97896E-05 9.97896E-05 9.97896E-05 9.97896E-05 9.97896E-05 9.97896E-05 9.97896E-05 9.97896E-05 9.97896E-05 9.97896E-05 9.97896E-05 0.0724357 9.97896E-05 9.97896E-05 9.97896E-05 9.97896E-05 0.0100053 9.97896E-05 9.97896E-05 9.97896E-05 0.0611993 9.97896E-05 9.97896E-05 9.97896E-05 9.97896E-05
9.97981E-05 9.97981E-05 0.758402 9.97981E-05 9.97981E-05 9.97981E-05 0.0441451 9.97981E-05 9.97981E-05 9.97981E-05 9.97981E-05 9.97981E-05 0.0387943 9.97981E-05 0.0685319 9.97981E-05 9.97981E-05 9.97981E-05 9.97981E-05 9.97981E-05 9.97981E-05 9.97981E-05 9.97981E-05 0.0878311 9.97981E-05 9.97981E-05 9.97981E-05 9.97981E-05
9.97805E-05 9.97805E-05 0.949993 9.97805E-05 9.97805E-05 9.97805E-05 0.0356054 9.97805E-05 9.97805E-05 9.97805E-05 9.97805E-05 9.97805E-05 9.97805E-05 9.97805E-05 9.97805E-05 9.97805E-05 9.97805E-05 9.97805E-05 9.97805E-05 0.0119075 9.97805E-05 9.97805E-05 9.97805E-05 9.97805E-05 9.97805E-05 9.97805E-05 9.97805E-05 9.97805E-05
0.014282 9.98157E-05 0.0943142 9.98157E-05 9.98157E-05 9.98157E-05 0.112262 9.98157E-05 0.0825375 9.98157E-05 9.98157E-05 9.98157E-05 9.98157E-05 9.98157E-05 0.495478 9.98157E-05 9.98157E-05 9.98157E-05 9.98157E-05 9.98157E-05 9.98157E-05 9.98157E-05 9.98157E-05 0.172394 9.98157E-05 9.98157E-05 9.98157E-05 0.0266354
9.98246E-05 9.98246E-05 0.683265 9.98246E-05 0.0769037 0.00201987 0.0718973 9.98246E-05 0.0746166 9.98246E-05 0.0240822 9.98246E-05 9.98246E-05 9.98246E-05 9.98246E-05 9.98246E-05 9.98246E-05 9.98246E-05 9.98246E-05 9.98246E-05 9.98246E-05 9.98246E-05 9.98246E-05 0.0492744 9.98246E-05 0.015944 9.98246E-05 9.98246E-05
9.97807E-05 9.97807E-05 0.81065 9.97807E-05 0.0100197 9.97807E-05 0.176835 9.97807E-05 9.97807E-05 9.97807E-05 9.97807E-05 9.97807E-05 9.97807E-05 9.97807E-05 9.97807E-05 9.97807E-05 9.97807E-05 9.97807E-05 9.97807E-05 9.97807E-05 9.97807E-05 9.97807E-05 9.97807E-05 9.97807E-05 9.97807E-05 9.97807E-05 9.97807E-05 9.97807E-05
9.97981E-05 9.97981E-05 0.446261 9.97981E-05 9.97981E-05 9.97981E-05 0.275078 9.97981E-05 9.97981E-05 9.97981E-05 9.97981E-05 9.97981E-05 9.97981E-05 9.97981E-05 9.97981E-05 9.97981E-05 9.97981E-05 9.97981E-05 0.0093391 9.97981E-05 9.97981E-05 0.0312646 9.97981E-05 9.97981E-05 9.97981E-05 9.97981E-05 9.97981E-05 0.235762
9.97807E-05 9.97807E-05 0.552011 9.97807E-05 9.97807E-05 9.97807E-05 0.193193 9.97807E-05 9.97807E-05 9.97807E-05 9.97807E-05 9.97807E-05 9.97807E-05 9.97807E-05 9.97807E-05 9.97807E-05 9.97807E-05 9.97807E-05 9.97807E-05 9.97807E-05 9.97807E-05 9.97807E-05 9.97807E-05 0.252301 9.97807E-05 9.97807E-05 9.97807E-05 9.97807E-05
9.97982E-05 9.97982E-05 0.135141 9.97982E-05 0.0940738 9.97982E-05 9.97982E-05 9.97982E-05 9.97982E-05 9.97982E-05 9.97982E-05 0.52643 9.97982E-05 9.97982E-05 0.0823574 9.97982E-05 9.97982E-05 9.97982E-05 9.97982E-05 9.97982E-05 9.97982E-05 9.97982E-05 9.97982E-05 9.97982E-05 9.97982E-05 9.97982E-05 9.97982E-05 0.159702
9.98069E-05 9.98069E-05 0.134018 9.98069E-05 0.0111122 9.98069E-05 9.98069E-05 9.98069E-05 9.98069E-05 9.98069E-05 9.98069E-05 0.177456 9.98069E-05 9.98069E-05 0.580192 9.98069E-05 9.98069E-05 9.98069E-05 9.98069E-05 9.98069E-05 9.98069E-05 9.98069E-05 9.98069E-05 0.0468894 9.98069E-05 9.98069E-05 9.98069E-05 0.0481364
9.9781E-05 9.9781E-05 0.879999 9.9781E-05 9.9781E-05 9.9781E-05 0.00239734 9.9781E-05 0.115109 9.9781E-05 9.9781E-05 9.9781E-05 9.9781E-05 9.9781E-05 9.9781E-05 9.9781E-05 9.9781E-05 9.9781E-05 9.9781E-05 9.9781E-05 9.9781E-05 9.9781E-05 9.9781E-05 9.9781E-05 9.9781E-05 9.9781E-05 9.9781E-05 9.9781E-05
9.98071E-05 9.98071E-05 0.0954 9.98071E-05 9.98071E-05 9.98071E-05 0.0934557 9.98071E-05 9.98071E-05 0.00669179 9.98071E-05 0.131011 9.98071E-05 9.98071E-05 0.472896 9.98071E-05 9.98071E-05 9.98071E-05 9.98071E-05 9.98071E-05 9.98071E-05 9.98071E-05 9.98071E-05 0.198349 9.98071E-05 9.98071E-05 9.98071E-05 9.98071E-05
9.98245E-05 0.0445799 0.5993 9.98245E-05 9.98245E-05 9.98245E-05 0.0627486 9.98245E-05 0.112362 9.98245E-05 0.0720979 9.98245E-05 0.0367887 9.98245E-05 9.98245E-05 0.0439135 9.98245E-05 9.98245E-05 0.0262127 9.98245E-05 9.98245E-05 9.98245E-05 9.98245E-05 9.98245E-05 9.98245E-05 9.98245E-05 9.98245E-05 9.98245E-05
9.98245E-05 9.98245E-05 0.711863 9.98245E-05 9.98245E-05 9.98245E-05 0.0331949 9.98245E-05 0.018492 9.98245E-05 9.98245E-05 9.98245E-05 9.98245E-05 9.98245E-05 9.98245E-05 0.0348434 0.0302187 9.98245E-05 9.98245E-05 0.00657505 9.98245E-05 0.000650969 9.98245E-05 0.162165 9.98245E-05 9.98245E-05 9.98245E-05 9.98245E-05
9.98158E-05 9.98158E-05 0.419272 9.98158E-05 9.98158E-05 9.98158E-05 9.98158E-05 9.98158E-05 9.98158E-05 9.98158E-05 9.98158E-05 0.0738855 9.98158E-05 9.98158E-05 0.162491 0.00412303 9.98158E-05 9.98158E-05 9.98158E-05 9.98158E-05 9.98158E-05 9.98158E-05 9.98158E-05 0.0872949 9.98158E-05 0.0489379 9.98158E-05 0.2019
9.98249E-05 9.98249E-05 0.37698 9.98249E-05 0.00432358 0.0853235 0.0816452 0.0463824 9.98249E-05 9.98249E-05 9.98249E-05 0.031517 9.98249E-05 9.98249E-05 0.346091 9.98249E-05 9.98249E-05 9.98249E-05 9.98249E-05 0.0257409 9.98249E-05 9.98249E-05 9.98249E-05 9.98249E-05 9.98249E-05 9.98249E-05 9.98249E-05 9.98249E-05
9.97721E-05 9.97721E-05 0.931554 9.97721E-05 9.97721E-05 9.97721E-05 9.97721E-05 9.97721E-05 9.97721E-05 9.97721E-05 9.97721E-05 0.0658524 9.97721E-05 9.97721E-05 9.97721E-05 9.97721E-05 9.97721E-05 9.97721E-05 9.97721E-05 9.97721E-05 9.97721E-05 9.97721E-05 9.97721E-05 9.97721E-05 9.97721E-05 9.97721E-05 9.97721E-05 9.97721E-05
0.000380276 9.98246E-05 0.5089 9.98246E-05 9.98246E-05 9.98246E-05 0.0647069 9.98246E-05 9.98246E-05 9.98246E-05 9.98246E-05 0.144097 9.98246E-05 0.0190676 9.98246E-05 0.0706294 9.98246E-05 9.98246E-05 9.98246E-05 9.98246E-05 9.98246E-05 0.0796643 9.98246E-05 0.110558 9.98246E-05 9.98246E-05 9.98246E-05 9.98246E-05
9.98072E-05 0.00185391 0.669623 9.98072E-05 9.98072E-05 9.98072E-05 9.98072E-05 9.98072E-05 0.0362078 9.98072E-05 9.98072E-05 9.98072E-05 0.0486432 9.98072E-05 9.98072E-05 9.98072E-05 9.98072E-05 9.98072E-05 9.98072E-05 9.98072E-05 9.98072E-05 9.98072E-05 9.98072E-05 0.0515442 9.98072E-05 9.98072E-05 9.98072E-05 0.189933
9.97808E-05 9.97808E-05 0.937423 9.97808E-05 9.97808E-05 9.97808E-05 9.97808E-05 9.97808E-05 9.97808E-05 9.97808E-05 0.0541855 0.00589715 9.97808E-05 9.97808E-05 9.97808E-05 9.97808E-05 9.97808E-05 9.97808E-05 9.97808E-05 9.97808E-05 9.97808E-05 9.97808E-05 9.97808E-05 9.97808E-05 9.97808E-05 9.97808E-05 9.97808E-05 9.97808E-05
9.97981E-05 9.97981E-05 9.97981E-05 9.97981E-05 9.97981E-05 9.97981E-05 0.179563 9.97981E-05 9.97981E-05 9.97981E-05 9.97981E-05 9.97981E-05 9.97981E-05 9.97981E-05 0.560319 0.0344071 9.97981E-05 9.97981E-05 9.97981E-05 9.97981E-05 9.97981E-05 9.97981E-05 9.97981E-05 0.208487 9.97981E-05 9.97981E-05 9.97981E-05 0.0149282
9.98071E-05 9.98071E-05 0.569161 9.98071E-05 9.98071E-05 9.98071E-05 0.173629 9.98071E-05 0.0574982 9.98071E-05 9.98071E-05 0.0685324 9.98071E-05 9.98071E-05 9.98071E-05 9.98071E-05 9.98071E-05 9.98071E-05 0.057814 0.0711703 9.98071E-05 9.98071E-05 9.98071E-05 9.98071E-05 9.98071E-05 9.98071E-05 9.98071E-05 9.98071E-05
9.97982E-05 9.97982E-05 0.00776989 9.97982E-05 9.97982E-05 9.97982E-05 0.204157 9.97982E-05 9.97982E-05 9.97982E-05 9.97982E-05 9.97982E-05 9.97982E-05 9.97982E-05 0.503314 0.0520379 9.97982E-05 9.97982E-05 9.97982E-05 9.97982E-05 9.97982E-05 9.97982E-05 9.97982E-05 0.230425 9.97982E-05 9.97982E-05 9.97982E-05 9.97982E-05
9.98334E-05 9.98334E-05 0.397228 9.98334E-05 9.98334E-05 9.98334E-05 0.122367 9.98334E-05 0.199183 9.98334E-05 0.0253111 0.00262715 9.98334E-05 0.047136 9.98334E-05 9.98334E-05 9.98334E-05 9.98334E-05 9.98334E-05 9.98334E-05 0.0207523 9.98334E-05 9.98334E-05 0.0292291 9.98334E-05 9.98334E-05 9.98334E-05 0.15427
9.98246E-05 9.98246E-05 0.0254414 9.98246E-05 9.98246E-05 9.98246E-05 9.98246E-05 9.98246E-05 0.519493 9.98246E-05 9.98246E-05 0.136078 9.98246E-05 9.98246E-05 0.084414 9.98246E-05 0.0059274 9.98246E-05 9.98246E-05 9.98246E-05 9.98246E-05 9.98246E-05 0.098188 0.0547361 0.0737255 9.98246E-05 9.98246E-05 9.98246E-05
9.9798E-05 0.0969329 0.702211 9.9798E-05 9.9798E-05 9.9798E-05 0.0270789 9.9798E-05 9.9798E-05 9.9798E-05 9.9798E-05 9.9798E-05 9.9798E-05 9.9798E-05 0.125956 9.9798E-05 9.9798E-05 9.9798E-05 9.9798E-05 9.9798E-05 9.9798E-05 9.9798E-05 9.9798E-05 0.045526 9.9798E-05 9.9798E-05 9.9798E-05 9.9798E-05
9.97898E-05 9.97898E-05 0.563917 9.97898E-05 9.97898E-05 9.97898E-05 0.291932 9.97898E-05 9.97898E-05 9.97898E-05 9.97898E-05 9.97898E-05 9.97898E-05 9.97898E-05 9.97898E-05 9.97898E-05 9.97898E-05 9.97898E-05 9.97898E-05 9.97898E-05 9.97898E-05 9.97898E-05 9.97898E-05 0.140943 9.97898E-05 9.97898E-05 9.97898E-05 0.000812856
9.98158E-05 9.98158E-05 0.443786 9.98158E-05 0.0103423 9.98158E-05 9.98158E-05 9.98158E-05 0.136416 9.98158E-05 9.98158E-05 9.98158E-05 9.98158E-05 9.98158E-05 0.24196 0.00896117 9.98158E-05 9.98158E-05 9.98158E-05 0.0935365 9.98158E-05 9.98158E-05 9.98158E-05 0.062903 9.98158E-05 9.98158E-05 9.98158E-05 9.98158E-05
9.97805E-05 9.97805E-05 0.723965 9.97805E-05 0.0264934 9.97805E-05 0.0120588 9.97805E-05 9.97805E-05 9.97805E-05 9.97805E-05 9.97805E-05 9.97805E-05 9.97805E-05 9.97805E-05 9.97805E-05 9.97805E-05 9.97805E-05 9.97805E-05 9.97805E-05 0.0249736 9.97805E-05 9.97805E-05 0.190278 9.97805E-05 9.97805E-05 9.97805E-05 0.0200359
9.97721E-05 9.97721E-05 0.981897 9.97721E-05 9.97721E-05 9.97721E-05 9.97721E-05 9.97721E-05 9.97721E-05 9.97721E-05 9.97721E-05 9.97721E-05 9.97721E-05 9.97721E-05 9.97721E-05 9.97721E-05 9.97721E-05 9.97721E-05 9.97721E-05 9.97721E-05 0.0155086 9.97721E-05 9.97721E-05 9.97721E-05 9.97721E-05 9.97721E-05 9.97721E-05 9.97721E-05
9.98069E-05 9.98069E-05 0.11493 9.98069E-05 9.98069E-05 9.98069E-05 0.249867 9.98069E-05 9.98069E-05 9.98069E-05 9.98069E-05 9.98069E-05 9.98069E-05 9.98069E-05 0.215868 0.145933 9.98069E-05 9.98069E-05 9.98069E-05 0.158539 9.98069E-05 9.98069E-05 9.98069E-05 0.112669 9.98069E-05 9.98069E-05 9.98069E-05 9.98069E-05
9.97894E-05 9.97894E-05 0.776496 9.97894E-05 9.97894E-05 0.139797 0.0205179 9.97894E-05 9.97894E-05 9.97894E-05 9.97894E-05 9.97894E-05 9.97894E-05 9.97894E-05 9.97894E-05 9.97894E-05 9.97894E-05 9.97894E-05 9.97894E-05 9.97894E-05 9.97894E-05 9.97894E-05 9.97894E-05 9.97894E-05 9.97894E-05 0.0607945 9.97894E-05 9.97894E-05
9.97897E-05 9.97897E-05 0.963892 9.97897E-05 9.97897E-05 9.97897E-05 9.97897E-05 9.97897E-05 0.00145531 9.97897E-05 9.97897E-05 0.0218829 9.97897E-05 9.97897E-05 9.97897E-05 9.97897E-05 9.97897E-05 9.97897E-05 9.97897E-05 9.97897E-05 9.97897E-05 9.97897E-05 9.97897E-05 0.0103749 9.97897E-05 9.97897E-05 9.97897E-05 9.97897E-05
0.00487469 9.98245E-05 0.648477 9.98245E-05 0.0257278 9.98245E-05 0.00981104 9.98245E-05 9.98245E-05 9.98245E-05 0.0402362 0.135209 9.98245E-05 9.98245E-05 9.98245E-05 9.98245E-05 9.98245E-05 9.98245E-05 9.98245E-05 9.98245E-05 9.98245E-05 0.105355 9.98245E-05 9.98245E-05 0.0283139 9.98245E-05 9.98245E-05 9.98245E-05
