9.98858E-05 0.0550727 9.98858E-05 0.0390207 9.98858E-05 9.98858E-05 0.0109182 9.98858E-05 9.98858E-05 0.217656 0.0271989 0.354727 0.0680389 9.98858E-05 9.98858E-05 9.98858E-05 0.226069 9.98858E-05 9.98858E-05 9.98858E-05 9.98858E-05
9.98684E-05 9.98684E-05 9.98684E-05 9.98684E-05 9.98684E-05 9.98684E-05 0.129067 9.98684E-05 9.98684E-05 9.98684E-05 0.0353468 0.646375 9.98684E-05 9.98684E-05 0.0590251 9.98684E-05 0.107792 9.98684E-05 9.98684E-05 9.98684E-05 0.0208955
9.98595E-05 9.98595E-05 9.98595E-05 9.98595E-05 9.98595E-05 0.0474263 9.98595E-05 9.98595E-05 9.98595E-05 0.0088849 9.98595E-05 0.873066 0.0360705 9.98595E-05 9.98595E-05 9.98595E-05 9.98595E-05 9.98595E-05 0.0329548 9.98595E-05 9.98595E-05
9.9921E-05 9.9921E-05 0.112526 0.0195851 9.9921E-05 0.00609335 9.9921E-05 9.9921E-05 9.9921E-05 0.168714 0.0543975 0.189509 0.000800043 9.9921E-05 9.9921E-05 0.243935 0.018928 9.9921E-05 0.0929082 0.0243958 0.0673081
9.98596E-05 9.98596E-05 0.111729 9.98596E-05 9.98596E-05 0.038258 9.98596E-05 9.98596E-05 9.98596E-05 9.98596E-05 9.98596E-05 0.740165 9.98596E-05 9.98596E-05 0.0177754 9.98596E-05 9.98596E-05 9.98596E-05 9.98596E-05 0.0904753 9.98596E-05
0.155392 9.98685E-05 0.188608 9.98685E-05 9.98685E-05 0.124506 9.98685E-05 9.98685E-05 9.98685E-05 9.98685E-05 9.98685E-05 0.166905 9.98685E-05 0.0949593 9.98685E-05 9.98685E-05 0.268132 9.98685E-05 9.98685E-05 9.98685E-05 9.98685E-05
9.99123E-05 9.99123E-05 9.99123E-05 0.0613364 9.99123E-05 9.99123E-05 0.17289 9.99123E-05 9.99123E-05 0.109256 0.0737778 0.245657 0.0140207 0.038423 0.0832802 9.99123E-05 0.0274639 0.0483021 9.99123E-05 0.124593 9.99123E-05
0.114902 0.141619 0.0359538 9.99123E-05 9.99123E-05 0.0236423 9.99123E-05 0.0750747 0.00447125 0.172467 9.99123E-05 0.145001 9.99123E-05 0.00128591 9.99123E-05 9.99123E-05 0.196839 9.99123E-05 9.99123E-05 0.0877451 9.99123E-05
0.199296 9.98859E-05 9.98859E-05 0.248012 9.98859E-05 0.00493073 0.00552343 9.98859E-05 9.98859E-05 0.00839491 9.98859E-05 0.256636 0.226485 9.98859E-05 9.98859E-05 9.98859E-05 9.98859E-05 9.98859E-05 9.98859E-05 0.0494233 9.98859E-05
9.9842E-05 9.9842E-05 9.9842E-05 9.9842E-05 9.9842E-05 9.9842E-05 9.9842E-05 9.9842E-05 9.9842E-05 9.9842E-05 9.9842E-05 0.890019 0.0852375 9.9842E-05 9.9842E-05 0.0229465 9.9842E-05 9.9842E-05 9.9842E-05 9.9842E-05 9.9842E-05
9.98771E-05 9.98771E-05 9.98771E-05 9.98771E-05 9.98771E-05 9.98771E-05 9.98771E-05 9.98771E-05 9.98771E-05 0.0834365 0.11004 0.465805 0.161085 9.98771E-05 9.98771E-05 9.98771E-05 0.137904 9.98771E-05 0.00872297 9.98771E-05 0.0316079
9.98947E-05 0.0163307 9.98947E-05 9.98947E-05 9.98947E-05 9.98947E-05 9.98947E-05 0.0169022 0.0129854 9.98947E-05 9.98947E-05 0.802965 0.0576541 9.98947E-05 9.98947E-05 0.0127172 0.0396492 0.0263919 9.98947E-05 0.0132055 9.98947E-05
0.0424067 9.98596E-05 9.98596E-05 9.98596E-05 9.98596E-05 9.98596E-05 9.98596E-05 9.98596E-05 9.98596E-05 0.152907 9.98596E-05 0.766454 0.0262555 9.98596E-05 0.0103785 9.98596E-05 9.98596E-05 9.98596E-05 9.98596E-05 9.98596E-05 9.98596E-05
9.98948E-05 9.98948E-05 9.98948E-05 0.029135 9.98948E-05 0.00618929 9.98948E-05 0.00190996 9.98948E-05 9.98948E-05 0.0238153 0.585416 0.0658692 9.98948E-05 0.0446738 9.98948E-05 9.98948E-05 0.118406 0.123386 9.98948E-05 9.98948E-05
0.127985 9.98948E-05 0.124614 0.00505012 9.98948E-05 0.0463356 9.98948E-05 9.98948E-05 9.98948E-05 0.0187865 9.98948E-05 0.270279 0.122282 9.98948E-05 9.98948E-05 9.98948E-05 0.264019 9.98948E-05 0.0194499 9.98948E-05 9.98948E-05
0.15164 0.14077 0.0574112 9.98946E-05 9.98946E-05 0.00444467 9.98946E-05 0.180657 9.98946E-05 0.0620606 9.98946E-05 0.142642 0.068341 9.98946E-05 9.98946E-05 9.98946E-05 0.190836 9.98946E-05 9.98946E-05 9.98946E-05 9.98946E-05
9.98947E-05 0.0750655 9.98947E-05 0.00253213 0.120369 9.98947E-05 0.0593775 9.98947E-05 9.98947E-05 0.0489029 0.0524806 0.499062 0.0217083 9.98947E-05 9.98947E-05 0.119303 9.98947E-05 9.98947E-05 9.98947E-05 9.98947E-05 9.98947E-05
0.0414602 9.98773E-05 9.98773E-05 9.98773E-05 9.98773E-05 9.98773E-05 9.98773E-05 9.98773E-05 0.138103 0.183751 9.98773E-05 0.139156 0.113221 9.98773E-05 9.98773E-05 9.98773E-05 0.288057 9.98773E-05 9.98773E-05 9.98773E-05 0.0948529
0.149503 9.98683E-05 9.98683E-05 9.98683E-05 9.98683E-05 9.98683E-05 9.98683E-05 9.98683E-05 9.98683E-05 0.0920809 9.98683E-05 0.293379 0.15707 0.298034 9.98683E-05 9.98683E-05 0.00843424 9.98683E-05 9.98683E-05 9.98683E-05 9.98683E-05
9.98421E-05 9.98421E-05 9.98421E-05 9.98421E-05 9.98421E-05 9.98421E-05 9.98421E-05 9.98421E-05 9.98421E-05 9.98421E-05 9.98421E-05 0.946901 0.011541 9.98421E-05 9.98421E-05 9.98421E-05 9.98421E-05 9.98421E-05 9.98421E-05 9.98421E-05 0.0397608
0.0832632 9.98772E-05 9.98772E-05 9.98772E-05 9.98772E-05 9.98772E-05 9.98772E-05 0.0867683 9.98772E-05 0.0140167 0.10132 0.462158 0.0492089 9.98772E-05 9.98772E-05 9.98772E-05 9.98772E-05 9.98772E-05 9.98772E-05 0.201867 9.98772E-05
0.130004 9.9886E-05 9.9886E-05 9.9886E-05 9.9886E-05 0.0524881 9.9886E-05 9.9886E-05 0.0220016 0.403439 9.9886E-05 0.233231 9.9886E-05 0.115587 0.0415148 9.9886E-05 9.9886E-05 9.9886E-05 9.9886E-05 0.000436256 9.9886E-05
9.98596E-05 9.98596E-05 0.123031 9.98596E-05 9.98596E-05 9.98596E-05 9.98596E-05 9.98596E-05 9.98596E-05 9.98596E-05 0.00789778 0.562956 0.0571028 9.98596E-05 9.98596E-05 9.98596E-05 0.247414 9.98596E-05 9.98596E-05 9.98596E-05 9.98596E-05
9.98772E-05 0.00529954 9.98772E-05 0.0643837 9.98772E-05 9.98772E-05 9.98772E-05 0.0529178 9.98772E-05 0.353878 9.98772E-05 0.316739 0.140953 9.98772E-05 9.98772E-05 9.98772E-05 0.0644306 9.98772E-05 9.98772E-05 9.98772E-05 9.98772E-05
0.0606431 9.98946E-05 0.0757102 0.00352926 9.98946E-05 9.98946E-05 9.98946E-05 9.98946E-05 9.98946E-05 0.130437 0.00934552 0.247955 0.274975 9.98946E-05 9.98946E-05 9.98946E-05 9.98946E-05 9.98946E-05 0.113797 9.98946E-05 0.0824095
0.0046433 9.98772E-05 0.0519269 9.98772E-05 9.98772E-05 0.0297457 9.98772E-05 9.98772E-05 9.98772E-05 0.118833 9.98772E-05 0.586297 0.141664 9.98772E-05 9.98772E-05 0.0654918 9.98772E-05 9.98772E-05 9.98772E-05 9.98772E-05 9.98772E-05
9.98771E-05 9.98771E-05 0.0349427 9.98771E-05 9.98771E-05 9.98771E-05 9.98771E-05 0.0291683 0.144737 0.233495 9.98771E-05 9.98771E-05 0.0814388 9.98771E-05 0.215204 9.98771E-05 9.98771E-05 9.98771E-05 0.259616 9.98771E-05 9.98771E-05
9.98772E-05 9.98772E-05 9.98772E-05 9.98772E-05 9.98772E-05 9.98772E-05 9.98772E-05 9.98772E-05 9.98772E-05 0.0238926 9.98772E-05 0.707091 0.0678255 0.0104318 0.0510535 0.0341154 9.98772E-05 9.98772E-05 0.104191 9.98772E-05 9.98772E-05
9.98772E-05 9.98772E-05 9.98772E-05 0.0019612 9.98772E-05 9.98772E-05 9.98772E-05 9.98772E-05 9.98772E-05 0.0128829 9.98772E-05 0.60073 0.14887 9.98772E-05 0.105031 9.98772E-05 9.98772E-05 9.98772E-05 0.104902 9.98772E-05 0.0242252
0.0268502 9.98685E-05 9.98685E-05 9.98685E-05 0.0760162 9.98685E-05 0.0230309 9.98685E-05 9.98685E-05 9.98685E-05 9.98685E-05 0.658343 0.103121 9.98685E-05 0.111141 9.98685E-05 9.98685E-05 9.98685E-05 9.98685E-05 9.98685E-05 9.98685E-05
0.0315577 9.98859E-05 9.98859E-05 9.98859E-05 9.98859E-05 9.98859E-05 9.98859E-05 9.98859E-05 9.98859E-05 9.98859E-05 0.0815691 0.549136 0.0504261 0.0636624 0.0979203 9.98859E-05 0.108033 9.98859E-05 9.98859E-05 9.98859E-05 0.0163966
9.98773E-05 9.98773E-05 0.154559 9.98773E-05 9.98773E-05 9.98773E-05 9.98773E-05 9.98773E-05 9.98773E-05 0.0518484 0.0956068 0.48802 0.106637 0.0578896 9.98773E-05 9.98773E-05 0.0440411 9.98773E-05 9.98773E-05 9.98773E-05 9.98773E-05
9.98771E-05 9.98771E-05 0.0353503 9.98771E-05 9.98771E-05 9.98771E-05 9.98771E-05 0.0509627 9.98771E-05 0.174406 0.0932974 0.423469 0.113215 9.98771E-05 9.98771E-05 9.98771E-05 0.107901 9.98771E-05 9.98771E-05 9.98771E-05 9.98771E-05
9.98684E-05 9.98684E-05 0.175205 9.98684E-05 9.98684E-05 9.98684E-05 9.98684E-05 9.98684E-05 0.0259544 0.145832 9.98684E-05 0.499287 0.127384 9.98684E-05 9.98684E-05 9.98684E-05 9.98684E-05 0.0248398 9.98684E-05 9.98684E-05 9.98684E-05
9.98772E-05 9.98772E-05 9.98772E-05 9.98772E-05 9.98772E-05 9.98772E-05 0.0366284 9.98772E-05 9.98772E-05 9.98772E-05 0.0344342 0.76566 0.0390973 0.0339968 0.0515463 9.98772E-05 9.98772E-05 9.98772E-05 9.98772E-05 9.98772E-05 0.0372392
0.00129706 9.98684E-05 9.98684E-05 9.98684E-05 9.98684E-05 9.98684E-05 9.98684E-05 9.98684E-05 9.98684E-05 0.0416265 9.98684E-05 0.659024 0.052596 9.98684E-05 9.98684E-05 0.129795 0.114163 9.98684E-05 9.98684E-05 9.98684E-05 9.98684E-05
9.98597E-05 9.98597E-05 9.98597E-05 9.98597E-05 9.98597E-05 9.98597E-05 0.0594829 9.98597E-05 9.98597E-05 9.98597E-05 0.0168181 0.744338 9.98597E-05 0.140814 9.98597E-05 9.98597E-05 9.98597E-05 0.0369489 9.98597E-05 9.98597E-05 9.98597E-05
0.153235 9.98684E-05 9.98684E-05 9.98684E-05 9.98684E-05 9.98684E-05 0.0529374 9.98684E-05 9.98684E-05 9.98684E-05 9.98684E-05 0.635792 0.04149 9.98684E-05 9.98684E-05 0.00406509 9.98684E-05 9.98684E-05 9.98684E-05 9.98684E-05 0.110983
9.9886E-05 9.9886E-05 0.00844879 9.9886E-05 0.0876356 0.0819678 0.0971248 9.9886E-05 9.9886E-05 0.109578 0.0278196 0.448328 0.137799 9.9886E-05 9.9886E-05 9.9886E-05 9.9886E-05 9.9886E-05 9.9886E-05 9.9886E-05 9.9886E-05
9.98684E-05 9.98684E-05 0.136824 9.98684E-05 9.98684E-05 9.98684E-05 9.98684E-05 0.134597 9.98684E-05 0.0243071 9.98684E-05 0.490703 0.150989 9.98684E-05 9.98684E-05 9.98684E-05 9.98684E-05 0.0610812 9.98684E-05 9.98684E-05 9.98684E-05
9.98511E-05 9.98511E-05 9.98511E-05 9.98511E-05 9.98511E-05 9.98511E-05 9.98511E-05 9.98511E-05 9.98511E-05 9.98511E-05 9.98511E-05 0.65133 0.0739343 0.0614283 0.21161 9.98511E-05 9.98511E-05 9.98511E-05 9.98511E-05 9.98511E-05 9.98511E-05
9.98598E-05 9.98598E-05 9.98598E-05 0.0702808 9.98598E-05 9.98598E-05 9.98598E-05 9.98598E-05 9.98598E-05 0.13458 9.98598E-05 0.489664 0.0458195 9.98598E-05 0.258057 9.98598E-05 9.98598E-05 9.98598E-05 9.98598E-05 9.98598E-05 9.98598E-05
9.98333E-05 9.98333E-05 9.98333E-05 9.98333E-05 9.98333E-05 9.98333E-05 9.98333E-05 9.98333E-05 9.98333E-05 9.98333E-05 9.98333E-05 0.772881 9.98333E-05 9.98333E-05 0.225222 9.98333E-05 9.98333E-05 9.98333E-05 9.98333E-05 9.98333E-05 9.98333E-05
0.142246 9.98771E-05 9.98771E-05 0.0412513 9.98771E-05 9.98771E-05 9.98771E-05 9.98771E-05 9.98771E-05 0.112435 0.0111099 0.315581 0.158203 9.98771E-05 9.98771E-05 9.98771E-05 0.217775 9.98771E-05 9.98771E-05 9.98771E-05 9.98771E-05
9.98683E-05 9.98683E-05 9.98683E-05 9.98683E-05 9.98683E-05 0.0822471 9.98683E-05 9.98683E-05 9.98683E-05 0.392505 9.98683E-05 0.246663 0.189221 0.0131271 9.98683E-05 0.074738 9.98683E-05 9.98683E-05 9.98683E-05 9.98683E-05 9.98683E-05
0.00303157 9.98858E-05 9.98858E-05 9.98858E-05 9.98858E-05 9.98858E-05 0.00909137 9.98858E-05 9.98858E-05 0.0805228 9.98858E-05 0.763137 0.0110731 9.98858E-05 9.98858E-05 0.000771144 9.98858E-05 9.98858E-05 9.98858E-05 0.0636105 0.0674635
0.0669024 9.98683E-05 9.98683E-05 9.98683E-05 9.98683E-05 9.98683E-05 9.98683E-05 9.98683E-05 0.0286934 9.98683E-05 0.00413203 0.79339 0.0628199 9.98683E-05 9.98683E-05 0.0425638 9.98683E-05 9.98683E-05 9.98683E-05 9.98683E-05 9.98683E-05
9.98421E-05 9.98421E-05 9.98421E-05 9.98421E-05 9.98421E-05 0.0332275 9.98421E-05 9.98421E-05 9.98421E-05 9.98421E-05 9.98421E-05 0.917317 0.0476587 9.98421E-05 9.98421E-05 9.98421E-05 9.98421E-05 9.98421E-05 9.98421E-05 9.98421E-05 9.98421E-05
9.98772E-05 9.98772E-05 9.98772E-05 9.98772E-05 9.98772E-05 9.98772E-05 9.98772E-05 9.98772E-05 9.98772E-05 0.113527 0.0349704 0.576683 0.204424 0.0184109 9.98772E-05 9.98772E-05 0.0479223 9.98772E-05 9.98772E-05 0.00266362 9.98772E-05
0.00628301 9.98861E-05 0.0346803 9.98861E-05 9.98861E-05 0.0410954 0.000202123 9.98861E-05 9.98861E-05 9.98861E-05 9.98861E-05 0.69865 9.98861E-05 0.136261 9.98861E-05 9.98861E-05 9.98861E-05 0.0687947 9.98861E-05 9.98861E-05 0.0127355
0.0313666 9.99122E-05 0.112401 0.0188237 9.99122E-05 9.99122E-05 9.99122E-05 9.99122E-05 9.99122E-05 9.99122E-05 0.106776 0.254181 0.182068 9.99122E-05 0.154304 0.0281578 0.039723 9.99122E-05 0.0178332 0.0533672 9.99122E-05
9.98771E-05 9.98771E-05 0.0219143 0.0521339 9.98771E-05 0.0475531 9.98771E-05 0.038881 9.98771E-05 0.250901 9.98771E-05 0.527972 9.98771E-05 9.98771E-05 9.98771E-05 0.0592462 9.98771E-05 9.98771E-05 9.98771E-05 9.98771E-05 9.98771E-05
9.98509E-05 9.98509E-05 9.98509E-05 9.98509E-05 9.98509E-05 9.98509E-05 9.98509E-05 9.98509E-05 0.0494132 0.0609796 9.98509E-05 0.697084 9.98509E-05 9.98509E-05 9.98509E-05 9.98509E-05 9.98509E-05 9.98509E-05 0.190826 9.98509E-05 9.98509E-05
0.0652334 9.9886E-05 9.9886E-05 9.9886E-05 9.9886E-05 0.0846658 9.9886E-05 0.203605 0.0401485 9.9886E-05 9.9886E-05 0.546625 9.9886E-05 9.9886E-05 9.9886E-05 9.9886E-05 0.0111434 0.0149291 9.9886E-05 9.9886E-05 0.0323516
0.00478683 9.98773E-05 9.98773E-05 0.0131417 9.98773E-05 0.0606277 9.98773E-05 9.98773E-05 9.98773E-05 9.98773E-05 9.98773E-05 0.68992 0.10269 0.107457 9.98773E-05 9.98773E-05 9.98773E-05 9.98773E-05 0.0199783 9.98773E-05 9.98773E-05
9.98773E-05 9.98773E-05 0.14576 9.98773E-05 9.98773E-05 0.0319868 9.98773E-05 9.98773E-05 9.98773E-05 9.98773E-05 0.000672418 0.650828 9.98773E-05 0.00717383 9.98773E-05 9.98773E-05 0.105219 9.98773E-05 9.98773E-05 9.98773E-05 0.0569615
9.98596E-05 9.98596E-05 9.98596E-05 9.98596E-05 9.98596E-05 9.98596E-05 9.98596E-05 9.98596E-05 0.0808523 0.0735271 9.98596E-05 0.729369 0.0639362 0.0507179 9.98596E-05 9.98596E-05 9.98596E-05 9.98596E-05 9.98596E-05 9.98596E-05 9.98596E-05
9.98509E-05 9.98509E-05 9.98509E-05 9.98509E-05 9.98509E-05 9.98509E-05 9.98509E-05 9.98509E-05 9.98509E-05 0.0220993 9.98509E-05 0.766092 0.0405683 9.98509E-05 9.98509E-05 0.169543 9.98509E-05 9.98509E-05 9.98509E-05 9.98509E-05 9.98509E-05
9.98684E-05 9.98684E-05 9.98684E-05 9.98684E-05 9.98684E-05 9.98684E-05 0.00589483 9.98684E-05 9.98684E-05 9.98684E-05 9.98684E-05 0.773778 0.0905609 9.98684E-05 0.0333044 0.0605572 9.98684E-05 0.0344064 9.98684E-05 9.98684E-05 9.98684E-05
0.021973 9.9877E-05 9.9877E-05 9.9877E-05 9.9877E-05 9.9877E-05 0.00664274 9.9877E-05 0.00683072 9.9877E-05 0.0152453 9.9877E-05 0.115652 9.9877E-05 9.9877E-05 9.9877E-05 0.750987 9.9877E-05 0.0812711 9.9877E-05 9.9877E-05
9.98334E-05 9.98334E-05 9.98334E-05 9.98334E-05 9.98334E-05 9.98334E-05 9.98334E-05 9.98334E-05 9.98334E-05 9.98334E-05 9.98334E-05 9.98334E-05 9.98334E-05 9.98334E-05 9.98334E-05 0.0230077 0.975095 9.98334E-05 9.98334E-05 9.98334E-05 9.98334E-05
9.9842E-05 9.9842E-05 9.9842E-05 9.9842E-05 9.9842E-05 9.9842E-05 9.9842E-05 9.9842E-05 0.0454763 9.9842E-05 9.9842E-05 9.9842E-05 9.9842E-05 9.9842E-05 9.9842E-05 9.9842E-05 0.947795 0.0049317 9.9842E-05 9.9842E-05 9.9842E-05
0.102331 9.98859E-05 0.091737 9.98859E-05 9.98859E-05 9.98859E-05 0.312857 9.98859E-05 9.98859E-05 9.98859E-05 9.98859E-05 9.98859E-05 0.0110656 9.98859E-05 0.000888736 9.98859E-05 0.353177 0.0384374 0.0882079 9.98859E-05 9.98859E-05
0.0535595 9.98857E-05 9.98857E-05 9.98857E-05 9.98857E-05 9.98857E-05 9.98857E-05 9.98857E-05 0.00243026 0.0920649 9.98857E-05 9.98857E-05 0.0190772 9.98857E-05 9.98857E-05 9.98857E-05 0.703371 0.0752194 9.98857E-05 0.0102387 0.0427401
0.0307779 9.98593E-05 9.98593E-05 9.98593E-05 9.98593E-05 9.98593E-05 9.98593E-05 9.98593E-05 9.98593E-05 0.0608315 0.0211619 9.98593E-05 0.185855 9.98593E-05 9.98593E-05 9.98593E-05 0.699776 9.98593E-05 9.98593E-05 9.98593E-05 9.98593E-05
9.98682E-05 9.98682E-05 9.98682E-05 9.98682E-05 9.98682E-05 9.98682E-05 0.193855 9.98682E-05 0.00253623 9.98682E-05 0.027316 9.98682E-05 0.0488627 9.98682E-05 9.98682E-05 0.12507 0.600862 9.98682E-05 9.98682E-05 9.98682E-05 9.98682E-05
0.0564177 9.9877E-05 0.0366099 9.9877E-05 9.9877E-05 9.9877E-05 0.112689 9.9877E-05 0.106856 9.9877E-05 0.0665334 9.9877E-05 0.0665243 9.9877E-05 9.9877E-05 9.9877E-05 0.552972 9.9877E-05 9.9877E-05 9.9877E-05 9.9877E-05
9.98246E-05 9.98246E-05 9.98246E-05 9.98246E-05 9.98246E-05 9.98246E-05 9.98246E-05 9.98246E-05 9.98246E-05 9.98246E-05 9.98246E-05 9.98246E-05 9.98246E-05 9.98246E-05 9.98246E-05 9.98246E-05 0.998004 9.98246E-05 9.98246E-05 9.98246E-05 9.98246E-05
0.0137499 9.9842E-05 9.9842E-05 9.9842E-05 9.9842E-05 9.9842E-05 9.9842E-05 9.9842E-05 9.9842E-05 9.9842E-05 0.0312821 9.9842E-05 9.9842E-05 9.9842E-05 9.9842E-05 9.9842E-05 0.953171 9.9842E-05 9.9842E-05 9.9842E-05 9.9842E-05
0.0635192 9.98505E-05 9.98505E-05 9.98505E-05 9.98505E-05 9.98505E-05 9.98505E-05 9.98505E-05 9.98505E-05 9.98505E-05 0.151412 9.98505E-05 0.212485 9.98505E-05 9.98505E-05 9.98505E-05 0.570886 9.98505E-05 9.98505E-05 9.98505E-05 9.98505E-05
0.0596707 0.0515768 9.99034E-05 9.99034E-05 9.99034E-05 9.99034E-05 0.0548339 0.0285148 9.99034E-05 0.15171 0.0404918 9.99034E-05 0.134029 0.065798 9.99034E-05 9.99034E-05 0.369538 0.0427392 9.99034E-05 9.99034E-05 9.99034E-05
0.155134 0.0981319 0.00639264 9.98771E-05 9.98771E-05 9.98771E-05 9.98771E-05 0.0807929 9.98771E-05 9.98771E-05 0.0420873 9.98771E-05 9.98771E-05 9.98771E-05 9.98771E-05 9.98771E-05 0.495054 9.98771E-05 9.98771E-05 0.121009 9.98771E-05
9.98594E-05 9.98594E-05 9.98594E-05 9.98594E-05 9.98594E-05 9.98594E-05 0.135592 9.98594E-05 9.98594E-05 0.217281 9.98594E-05 9.98594E-05 0.176276 0.0532051 9.98594E-05 9.98594E-05 0.416047 9.98594E-05 9.98594E-05 9.98594E-05 9.98594E-05
9.98425E-05 9.98425E-05 9.98425E-05 9.98425E-05 9.98425E-05 0.0204934 9.98425E-05 0.0079012 9.98425E-05 9.98425E-05 9.98425E-05 9.98425E-05 9.98425E-05 9.98425E-05 9.98425E-05 9.98425E-05 0.969808 9.98425E-05 9.98425E-05 9.98425E-05 9.98425E-05
0.0321852 9.98335E-05 9.98335E-05 9.98335E-05 9.98335E-05 9.98335E-05 9.98335E-05 9.98335E-05 9.98335E-05 9.98335E-05 9.98335E-05 9.98335E-05 9.98335E-05 9.98335E-05 9.98335E-05 9.98335E-05 0.965918 9.98335E-05 9.98335E-05 9.98335E-05 9.98335E-05
9.98594E-05 9.98594E-05 0.0477252 9.98594E-05 9.98594E-05 9.98594E-05 9.98594E-05 9.98594E-05 0.0234763 9.98594E-05 9.98594E-05 9.98594E-05 9.98594E-05 0.0410945 9.98594E-05 9.98594E-05 0.695773 0.190333 9.98594E-05 9.98594E-05 9.98594E-05
0.0100208 0.103309 9.9877E-05 9.9877E-05 9.9877E-05 9.9877E-05 9.9877E-05 9.9877E-05 9.9877E-05 0.062715 0.0396121 9.9877E-05 9.9877E-05 0.026058 9.9877E-05 0.0633306 0.693556 9.9877E-05 9.9877E-05 9.9877E-05 9.9877E-05
9.98595E-05 9.98595E-05 9.98595E-05 9.98595E-05 9.98595E-05 9.98595E-05 9.98595E-05 9.98595E-05 0.0765097 9.98595E-05 0.0190073 9.98595E-05 0.0360316 0.00852602 9.98595E-05 9.98595E-05 0.858328 9.98595E-05 9.98595E-05 9.98595E-05 9.98595E-05
9.98681E-05 0.0515668 9.98681E-05 9.98681E-05 9.98681E-05 9.98681E-05 9.98681E-05 0.11711 9.98681E-05 9.98681E-05 9.98681E-05 9.98681E-05 0.175969 9.98681E-05 0.0666876 9.98681E-05 0.546145 9.98681E-05 9.98681E-05 9.98681E-05 0.0410248
9.98337E-05 9.98337E-05 9.98337E-05 9.98337E-05 0.0337554 9.98337E-05 9.98337E-05 9.98337E-05 9.98337E-05 9.98337E-05 9.98337E-05 9.98337E-05 9.98337E-05 9.98337E-05 9.98337E-05 9.98337E-05 0.964348 9.98337E-05 9.98337E-05 9.98337E-05 9.98337E-05
9.98594E-05 9.98594E-05 0.0234126 9.98594E-05 9.98594E-05 9.98594E-05 9.98594E-05 9.98594E-05 9.98594E-05 0.277416 9.98594E-05 9.98594E-05 0.0110911 0.0118943 9.98594E-05 9.98594E-05 0.674589 9.98594E-05 9.98594E-05 9.98594E-05 9.98594E-05
9.98685E-05 9.98685E-05 0.165968 9.98685E-05 9.98685E-05 9.98685E-05 0.0357515 9.98685E-05 9.98685E-05 0.0243768 9.98685E-05 9.98685E-05 0.0144704 9.98685E-05 9.98685E-05 9.98685E-05 0.631742 9.98685E-05 0.126193 9.98685E-05 9.98685E-05
0.00754 9.98772E-05 0.0231294 0.0275185 9.98772E-05 9.98772E-05 9.98772E-05 9.98772E-05 0.0573764 9.98772E-05 9.98772E-05 9.98772E-05 9.98772E-05 0.0951146 9.98772E-05 9.98772E-05 0.742317 9.98772E-05 9.98772E-05 0.0456057 9.98772E-05
9.98419E-05 0.0842876 9.98419E-05 9.98419E-05 9.98419E-05 9.98419E-05 9.98419E-05 9.98419E-05 9.98419E-05 9.98419E-05 0.11381 9.98419E-05 9.98419E-05 9.98419E-05 9.98419E-05 9.98419E-05 0.800105 9.98419E-05 9.98419E-05 9.98419E-05 9.98419E-05
9.98248E-05 9.98248E-05 9.98248E-05 9.98248E-05 9.98248E-05 9.98248E-05 9.98248E-05 9.98248E-05 9.98248E-05 9.98248E-05 9.98248E-05 9.98248E-05 9.98248E-05 9.98248E-05 9.98248E-05 9.98248E-05 0.998004 9.98248E-05 9.98248E-05 9.98248E-05 9.98248E-05
9.98334E-05 9.98334E-05 9.98334E-05 9.98334E-05 9.98334E-05 9.98334E-05 9.98334E-05 9.98334E-05 9.98334E-05 0.0800775 9.98334E-05 9.98334E-05 9.98334E-05 9.98334E-05 9.98334E-05 9.98334E-05 0.918026 9.98334E-05 9.98334E-05 9.98334E-05 9.98334E-05
9.98247E-05 9.98247E-05 9.98247E-05 9.98247E-05 9.98247E-05 9.98247E-05 9.98247E-05 9.98247E-05 9.98247E-05 9.98247E-05 9.98247E-05 9.98247E-05 9.98247E-05 9.98247E-05 9.98247E-05 9.98247E-05 0.998004 9.98247E-05 9.98247E-05 9.98247E-05 9.98247E-05
0.0289467 0.0465239 9.98684E-05 9.98684E-05 9.98684E-05 9.98684E-05 9.98684E-05 9.98684E-05 0.0923358 0.00594536 9.98684E-05 9.98684E-05 0.00585624 9.98684E-05 9.98684E-05 9.98684E-05 0.818894 9.98684E-05 9.98684E-05 9.98684E-05 9.98684E-05
0.0756683 9.98598E-05 9.98598E-05 9.98598E-05 0.154433 9.98598E-05 9.98598E-05 9.98598E-05 9.98598E-05 9.98598E-05 9.98598E-05 9.98598E-05 0.138933 9.98598E-05 0.11549 9.98598E-05 0.513877 9.98598E-05 9.98598E-05 9.98598E-05 9.98598E-05
0.100641 9.98421E-05 0.814997 9.98421E-05 9.98421E-05 9.98421E-05 9.98421E-05 9.98421E-05 9.98421E-05 9.98421E-05 9.98421E-05 9.98421E-05 0.0825644 9.98421E-05 9.98421E-05 9.98421E-05 9.98421E-05 9.98421E-05 9.98421E-05 9.98421E-05 9.98421E-05
0.0120755 9.9851E-05 0.184199 9.9851E-05 0.328683 9.9851E-05 9.9851E-05 9.9851E-05 9.9851E-05 9.9851E-05 9.9851E-05 9.9851E-05 9.9851E-05 9.9851E-05 9.9851E-05 9.9851E-05 9.9851E-05 9.9851E-05 0.473344 9.9851E-05 9.9851E-05
9.98595E-05 9.98595E-05 0.513844 9.98595E-05 9.98595E-05 9.98595E-05 9.98595E-05 0.0526555 0.0323068 9.98595E-05 9.98595E-05 9.98595E-05 0.0183081 9.98595E-05 9.98595E-05 9.98595E-05 9.98595E-05 9.98595E-05 0.381287 9.98595E-05 9.98595E-05
0.060348 9.98594E-05 0.615397 9.98594E-05 9.98594E-05 9.98594E-05 9.98594E-05 9.98594E-05 0.0821911 9.98594E-05 9.98594E-05 9.98594E-05 0.092583 9.98594E-05 9.98594E-05 9.98594E-05 9.98594E-05 9.98594E-05 0.147883 9.98594E-05 9.98594E-05
0.0307915 0.0308806 0.936531 9.98419E-05 9.98419E-05 9.98419E-05 9.98419E-05 9.98419E-05 9.98419E-05 9.98419E-05 9.98419E-05 9.98419E-05 9.98419E-05 9.98419E-05 9.98419E-05 9.98419E-05 9.98419E-05 9.98419E-05 9.98419E-05 9.98419E-05 9.98419E-05
0.141517 9.98508E-05 0.666768 9.98508E-05 9.98508E-05 9.98508E-05 0.0870413 9.98508E-05 9.98508E-05 9.98508E-05 9.98508E-05 9.98508E-05 0.102976 9.98508E-05 9.98508E-05 9.98508E-05 9.98508E-05 9.98508E-05 9.98508E-05 9.98508E-05 9.98508E-05
0.0146143 0.0142947 0.0880994 9.98681E-05 9.98681E-05 0.0692129 9.98681E-05 9.98681E-05 9.98681E-05 9.98681E-05 9.98681E-05 9.98681E-05 0.0267077 9.98681E-05 9.98681E-05 9.98681E-05 9.98681E-05 9.98681E-05 0.785573 9.98681E-05 9.98681E-05
0.181194 9.9842E-05 0.511139 9.9842E-05 9.9842E-05 9.9842E-05 9.9842E-05 9.9842E-05 9.9842E-05 9.9842E-05 9.9842E-05 9.9842E-05 9.9842E-05 9.9842E-05 9.9842E-05 9.9842E-05 9.9842E-05 9.9842E-05 0.30587 9.9842E-05 9.9842E-05
0.307356 9.98593E-05 0.258342 9.98593E-05 9.98593E-05 9.98593E-05 0.197407 9.98593E-05 9.98593E-05 9.98593E-05 9.98593E-05 9.98593E-05 9.98593E-05 9.98593E-05 0.103041 9.98593E-05 9.98593E-05 9.98593E-05 0.132257 9.98593E-05 9.98593E-05
0.192914 9.98507E-05 0.188841 9.98507E-05 9.98507E-05 9.98507E-05 9.98507E-05 9.98507E-05 9.98507E-05 9.98507E-05 9.98507E-05 9.98507E-05 0.222132 9.98507E-05 9.98507E-05 9.98507E-05 9.98507E-05 9.98507E-05 0.394416 9.98507E-05 9.98507E-05
0.0349671 9.98684E-05 0.446865 9.98684E-05 0.210047 9.98684E-05 0.155882 9.98684E-05 9.98684E-05 9.98684E-05 9.98684E-05 9.98684E-05 0.00444488 9.98684E-05 9.98684E-05 9.98684E-05 9.98684E-05 9.98684E-05 0.146295 9.98684E-05 9.98684E-05
9.98685E-05 9.98685E-05 0.771401 9.98685E-05 9.98685E-05 9.98685E-05 0.127067 9.98685E-05 9.98685E-05 9.98685E-05 9.98685E-05 0.0576427 0.0187372 9.98685E-05 9.98685E-05 9.98685E-05 9.98685E-05 9.98685E-05 0.0217133 9.98685E-05 0.0019407
9.98333E-05 9.98333E-05 0.405401 9.98333E-05 9.98333E-05 9.98333E-05 9.98333E-05 9.98333E-05 9.98333E-05 9.98333E-05 9.98333E-05 9.98333E-05 9.98333E-05 9.98333E-05 9.98333E-05 9.98333E-05 9.98333E-05 9.98333E-05 0.592702 9.98333E-05 9.98333E-05
0.0960822 9.98598E-05 0.464564 9.98598E-05 0.0117604 9.98598E-05 9.98598E-05 9.98598E-05 9.98598E-05 9.98598E-05 9.98598E-05 9.98598E-05 0.229694 9.98598E-05 9.98598E-05 9.98598E-05 9.98598E-05 9.98598E-05 0.196301 9.98598E-05 9.98598E-05
0.0502138 0.0434942 0.471069 9.98685E-05 9.98685E-05 9.98685E-05 9.98685E-05 0.000378502 0.0993321 9.98685E-05 9.98685E-05 9.98685E-05 9.98685E-05 9.98685E-05 9.98685E-05 9.98685E-05 9.98685E-05 9.98685E-05 0.334015 9.98685E-05 9.98685E-05
0.0159999 9.98771E-05 0.682479 9.98771E-05 9.98771E-05 0.0111462 9.98771E-05 9.98771E-05 9.98771E-05 9.98771E-05 0.0192565 9.98771E-05 0.126995 9.98771E-05 0.138088 9.98771E-05 9.98771E-05 0.00463717 9.98771E-05 9.98771E-05 9.98771E-05
0.0214992 9.98771E-05 0.597843 9.98771E-05 9.98771E-05 9.98771E-05 0.130314 9.98771E-05 0.0137073 9.98771E-05 9.98771E-05 9.98771E-05 0.0294139 9.98771E-05 9.98771E-05 9.98771E-05 9.98771E-05 9.98771E-05 0.183806 9.98771E-05 0.0220185
0.0948004 9.98773E-05 0.665573 9.98773E-05 0.0480114 0.0808345 9.98773E-05 9.98773E-05 9.98773E-05 0.0350494 0.0205284 9.98773E-05 9.98773E-05 9.98773E-05 9.98773E-05 9.98773E-05 9.98773E-05 0.0538047 9.98773E-05 9.98773E-05 9.98773E-05
9.98597E-05 9.98597E-05 0.813963 9.98597E-05 0.0404578 9.98597E-05 0.048296 9.98597E-05 9.98597E-05 9.98597E-05 0.0484837 9.98597E-05 9.98597E-05 9.98597E-05 9.98597E-05 9.98597E-05 9.98597E-05 9.98597E-05 0.0472014 9.98597E-05 9.98597E-05
0.0155291 9.99034E-05 0.480182 9.99034E-05 0.138567 9.99034E-05 9.99034E-05 0.00753341 9.99034E-05 9.99034E-05 0.00888893 9.99034E-05 0.0739187 9.99034E-05 0.0227867 0.0661333 9.99034E-05 9.99034E-05 0.103767 9.99034E-05 0.0815942
0.0199972 9.98683E-05 0.681663 9.98683E-05 9.98683E-05 0.0359677 0.0670987 9.98683E-05 9.98683E-05 9.98683E-05 9.98683E-05 9.98683E-05 0.146416 9.98683E-05 9.98683E-05 0.0473589 9.98683E-05 9.98683E-05 9.98683E-05 9.98683E-05 9.98683E-05
0.0101452 9.98421E-05 0.947697 9.98421E-05 9.98421E-05 9.98421E-05 9.98421E-05 9.98421E-05 9.98421E-05 9.98421E-05 0.0403604 9.98421E-05 9.98421E-05 9.98421E-05 9.98421E-05 9.98421E-05 9.98421E-05 9.98421E-05 9.98421E-05 9.98421E-05 9.98421E-05
0.194516 9.98596E-05 0.547607 9.98596E-05 9.98596E-05 9.98596E-05 0.0451824 9.98596E-05 9.98596E-05 9.98596E-05 9.98596E-05 9.98596E-05 0.19656 9.98596E-05 9.98596E-05 9.98596E-05 9.98596E-05 9.98596E-05 9.98596E-05 9.98596E-05 0.0145367
0.138613 9.98596E-05 0.415487 9.98596E-05 0.0117879 9.98596E-05 9.98596E-05 9.98596E-05 9.98596E-05 9.98596E-05 9.98596E-05 9.98596E-05 0.000656447 9.98596E-05 9.98596E-05 9.98596E-05 9.98596E-05 9.98596E-05 0.431858 9.98596E-05 9.98596E-05
0.19666 9.98595E-05 0.536837 9.98595E-05 9.98595E-05 9.98595E-05 0.0495262 9.98595E-05 9.98595E-05 9.98595E-05 9.98595E-05 9.98595E-05 0.197172 9.98595E-05 9.98595E-05 9.98595E-05 9.98595E-05 9.98595E-05 9.98595E-05 9.98595E-05 0.0182073
0.0570017 9.98684E-05 9.98684E-05 9.98684E-05 0.00285973 9.98684E-05 0.155286 9.98684E-05 0.0341312 9.98684E-05 9.98684E-05 9.98684E-05 0.062961 9.98684E-05 9.98684E-05 9.98684E-05 9.98684E-05 9.98684E-05 0.686262 9.98684E-05 9.98684E-05
9.98596E-05 9.98596E-05 0.177233 0.143791 0.570132 0.0550129 9.98596E-05 9.98596E-05 9.98596E-05 9.98596E-05 9.98596E-05 9.98596E-05 0.0522341 9.98596E-05 9.98596E-05 9.98596E-05 9.98596E-05 9.98596E-05 9.98596E-05 9.98596E-05 9.98596E-05
0.0593255 9.9842E-05 0.775579 9.9842E-05 9.9842E-05 9.9842E-05 9.9842E-05 9.9842E-05 9.9842E-05 9.9842E-05 9.9842E-05 9.9842E-05 0.163298 9.9842E-05 9.9842E-05 9.9842E-05 9.9842E-05 9.9842E-05 9.9842E-05 9.9842E-05 9.9842E-05
0.207818 9.98508E-05 0.371496 9.98508E-05 9.98508E-05 9.98508E-05 9.98508E-05 9.98508E-05 9.98508E-05 9.98508E-05 9.98508E-05 9.98508E-05 0.14716 9.98508E-05 9.98508E-05 9.98508E-05 9.98508E-05 9.98508E-05 0.271829 9.98508E-05 9.98508E-05
9.9851E-05 9.9851E-05 0.737843 9.9851E-05 0.0615128 0.10059 9.9851E-05 9.9851E-05 9.9851E-05 9.9851E-05 9.9851E-05 9.9851E-05 0.098357 9.9851E-05 9.9851E-05 9.9851E-05 9.9851E-05 9.9851E-05 9.9851E-05 9.9851E-05 9.9851E-05
0.0359279 9.98683E-05 0.191565 9.98683E-05 9.98683E-05 9.98683E-05 9.98683E-05 0.0255578 9.98683E-05 9.98683E-05 0.0433005 9.98683E-05 0.175882 9.98683E-05 9.98683E-05 9.98683E-05 9.98683E-05 9.98683E-05 0.526269 9.98683E-05 9.98683E-05
9.98507E-05 9.98507E-05 0.422215 9.98507E-05 9.98507E-05 9.98507E-05 9.98507E-05 0.00890199 9.98507E-05 9.98507E-05 9.98507E-05 9.98507E-05 0.00616995 9.98507E-05 9.98507E-05 9.98507E-05 9.98507E-05 9.98507E-05 0.561016 9.98507E-05 9.98507E-05
0.263527 9.98595E-05 0.347826 9.98595E-05 9.98595E-05 0.145845 9.98595E-05 9.98595E-05 9.98595E-05 9.98595E-05 9.98595E-05 9.98595E-05 0.106775 9.98595E-05 9.98595E-05 9.98595E-05 9.98595E-05 9.98595E-05 9.98595E-05 9.98595E-05 0.134428
0.0222628 9.98595E-05 0.576445 9.98595E-05 9.98595E-05 9.98595E-05 9.98595E-05 9.98595E-05 9.98595E-05 0.138058 9.98595E-05 9.98595E-05 0.0487089 9.98595E-05 9.98595E-05 9.98595E-05 9.98595E-05 9.98595E-05 0.212927 9.98595E-05 9.98595E-05
9.98507E-05 9.98507E-05 0.239707 9.98507E-05 9.98507E-05 9.98507E-05 9.98507E-05 9.98507E-05 9.98507E-05 9.98507E-05 9.98507E-05 9.98507E-05 0.0118167 9.98507E-05 9.98507E-05 0.0198117 9.98507E-05 9.98507E-05 0.726967 9.98507E-05 9.98507E-05
0.00762165 0.00342777 0.570336 9.98946E-05 0.071501 9.98946E-05 9.98946E-05 9.98946E-05 9.98946E-05 9.98946E-05 0.0110369 9.98946E-05 9.98946E-05 0.0298417 0.136905 0.00588139 9.98946E-05 9.98946E-05 0.16225 9.98946E-05 9.98946E-05
0.0855051 0.0265531 0.64768 9.98595E-05 9.98595E-05 9.98595E-05 9.98595E-05 9.98595E-05 9.98595E-05 9.98595E-05 9.98595E-05 9.98595E-05 0.2082 9.98595E-05 9.98595E-05 9.98595E-05 9.98595E-05 9.98595E-05 0.0304642 9.98595E-05 9.98595E-05
0.108507 9.98509E-05 0.310789 9.98509E-05 0.514201 9.98509E-05 9.98509E-05 9.98509E-05 9.98509E-05 9.98509E-05 9.98509E-05 9.98509E-05 9.98509E-05 9.98509E-05 9.98509E-05 9.98509E-05 9.98509E-05 9.98509E-05 0.0648053 9.98509E-05 9.98509E-05
9.9851E-05 9.9851E-05 0.616083 9.9851E-05 0.193518 9.9851E-05 9.9851E-05 9.9851E-05 9.9851E-05 9.9851E-05 9.9851E-05 9.9851E-05 0.0652458 9.9851E-05 9.9851E-05 9.9851E-05 9.9851E-05 9.9851E-05 0.123455 9.9851E-05 9.9851E-05
9.98509E-05 9.98509E-05 0.125988 9.98509E-05 0.0446087 0.00761229 9.98509E-05 9.98509E-05 9.98509E-05 9.98509E-05 9.98509E-05 9.98509E-05 9.98509E-05 9.98509E-05 9.98509E-05 9.98509E-05 9.98509E-05 9.98509E-05 0.820093 9.98509E-05 9.98509E-05
9.98509E-05 9.98509E-05 0.481934 9.98509E-05 0.32154 9.98509E-05 9.98509E-05 9.98509E-05 9.98509E-05 9.98509E-05 9.98509E-05 9.98509E-05 9.98509E-05 9.98509E-05 9.98509E-05 9.98509E-05 9.98509E-05 9.98509E-05 0.190404 9.98509E-05 0.00442422
0.0201973 9.98596E-05 0.509154 9.98596E-05 9.98596E-05 9.98596E-05 0.0378408 9.98596E-05 9.98596E-05 9.98596E-05 9.98596E-05 9.98596E-05 0.364932 9.98596E-05 9.98596E-05 9.98596E-05 9.98596E-05 9.98596E-05 9.98596E-05 0.0662777 9.98596E-05
0.121766 9.98422E-05 0.836181 9.98422E-05 9.98422E-05 9.98422E-05 9.98422E-05 9.98422E-05 9.98422E-05 9.98422E-05 9.98422E-05 9.98422E-05 9.98422E-05 9.98422E-05 0.0402557 9.98422E-05 9.98422E-05 9.98422E-05 9.98422E-05 9.98422E-05 9.98422E-05
0.129351 9.98595E-05 0.227207 9.98595E-05 0.552007 9.98595E-05 9.98595E-05 9.98595E-05 9.98595E-05 9.98595E-05 9.98595E-05 9.98595E-05 0.0638463 9.98595E-05 9.98595E-05 9.98595E-05 9.98595E-05 9.98595E-05 9.98595E-05 9.98595E-05 0.0259908
9.98509E-05 9.98509E-05 9.98509E-05 0.00922514 0.154214 9.98509E-05 0.063486 9.98509E-05 9.98509E-05 9.98509E-05 9.98509E-05 9.98509E-05 9.98509E-05 9.98509E-05 9.98509E-05 9.98509E-05 9.98509E-05 9.98509E-05 0.771377 9.98509E-05 9.98509E-05
0.25502 9.98858E-05 0.447873 9.98858E-05 9.98858E-05 0.00836207 0.103811 9.98858E-05 0.00712328 0.0406774 9.98858E-05 9.98858E-05 9.98858E-05 9.98858E-05 9.98858E-05 9.98858E-05 9.98858E-05 9.98858E-05 0.0296472 9.98858E-05 0.106187
0.0958089 0.0302512 9.98683E-05 9.98683E-05 9.98683E-05 9.98683E-05 9.98683E-05 9.98683E-05 9.98683E-05 9.98683E-05 9.98683E-05 9.98683E-05 0.0582412 9.98683E-05 0.0260469 9.98683E-05 0.104169 9.98683E-05 0.683984 9.98683E-05 9.98683E-05
0.0684291 0.0680644 0.318514 0.0497384 9.98948E-05 9.98948E-05 0.127373 0.0133456 9.98948E-05 9.98948E-05 9.98948E-05 9.98948E-05 0.038051 9.98948E-05 0.0534867 9.98948E-05 9.98948E-05 9.98948E-05 0.261799 9.98948E-05 9.98948E-05
0.201093 9.98772E-05 0.414236 9.98772E-05 9.98772E-05 9.98772E-05 9.98772E-05 9.98772E-05 9.98772E-05 0.121645 0.0162948 9.98772E-05 0.205549 9.98772E-05 9.98772E-05 9.98772E-05 9.98772E-05 9.98772E-05 0.0181571 9.98772E-05 0.0216277
9.98508E-05 9.98508E-05 0.192688 9.98508E-05 0.414058 9.98508E-05 9.98508E-05 9.98508E-05 9.98508E-05 9.98508E-05 9.98508E-05 9.98508E-05 0.0476601 9.98508E-05 9.98508E-05 9.98508E-05 9.98508E-05 9.98508E-05 0.343896 9.98508E-05 9.98508E-05
9.98595E-05 9.98595E-05 0.616658 9.98595E-05 9.98595E-05 9.98595E-05 9.98595E-05 9.98595E-05 9.98595E-05 9.98595E-05 9.98595E-05 9.98595E-05 0.0780745 9.98595E-05 9.98595E-05 0.186029 9.98595E-05 0.040432 0.077208 9.98595E-05 9.98595E-05
0.115814 9.98596E-05 0.27919 9.98596E-05 0.534345 0.0307434 9.98596E-05 9.98596E-05 9.98596E-05 9.98596E-05 9.98596E-05 9.98596E-05 0.0383105 9.98596E-05 9.98596E-05 9.98596E-05 9.98596E-05 9.98596E-05 9.98596E-05 9.98596E-05 9.98596E-05
0.0767386 9.9851E-05 0.639885 9.9851E-05 0.183349 9.9851E-05 9.9851E-05 9.9851E-05 9.9851E-05 9.9851E-05 9.9851E-05 9.9851E-05 0.0983305 9.9851E-05 9.9851E-05 9.9851E-05 9.9851E-05 9.9851E-05 9.9851E-05 9.9851E-05 9.9851E-05
9.98421E-05 9.98421E-05 0.935171 9.98421E-05 9.98421E-05 9.98421E-05 0.0275028 0.0355286 9.98421E-05 9.98421E-05 9.98421E-05 9.98421E-05 9.98421E-05 9.98421E-05 9.98421E-05 9.98421E-05 9.98421E-05 9.98421E-05 9.98421E-05 9.98421E-05 9.98421E-05
9.98506E-05 9.98506E-05 0.621457 9.98506E-05 9.98506E-05 9.98506E-05 9.98506E-05 9.98506E-05 9.98506E-05 9.98506E-05 0.000414834 9.98506E-05 9.98506E-05 9.98506E-05 9.98506E-05 0.0638265 9.98506E-05 9.98506E-05 0.312604 9.98506E-05 9.98506E-05
0.192315 9.98507E-05 0.474052 9.98507E-05 9.98507E-05 9.98507E-05 0.199568 9.98507E-05 9.98507E-05 9.98507E-05 9.98507E-05 9.98507E-05 0.132367 9.98507E-05 9.98507E-05 9.98507E-05 9.98507E-05 9.98507E-05 9.98507E-05 9.98507E-05 9.98507E-05
0.124724 9.98508E-05 0.536639 9.98508E-05 9.98508E-05 9.98508E-05 9.98508E-05 9.98508E-05 9.98508E-05 9.98508E-05 9.98508E-05 9.98508E-05 0.109279 9.98508E-05 9.98508E-05 9.98508E-05 9.98508E-05 9.98508E-05 0.22766 9.98508E-05 9.98508E-05
0.0284739 9.98507E-05 0.700544 9.98507E-05 9.98507E-05 9.98507E-05 9.98507E-05 0.00216346 9.98507E-05 9.98507E-05 9.98507E-05 9.98507E-05 9.98507E-05 9.98507E-05 9.98507E-05 9.98507E-05 9.98507E-05 9.98507E-05 0.267121 9.98507E-05 9.98507E-05
9.98421E-05 9.98421E-05 0.793128 9.98421E-05 9.98421E-05 9.98421E-05 9.98421E-05 9.98421E-05 9.98421E-05 9.98421E-05 9.98421E-05 9.98421E-05 0.104985 9.98421E-05 9.98421E-05 9.98421E-05 9.98421E-05 9.98421E-05 9.98421E-05 9.98421E-05 0.10009
0.150182 9.98596E-05 0.394971 9.98596E-05 0.050314 9.98596E-05 0.0639146 9.98596E-05 9.98596E-05 9.98596E-05 9.98596E-05 9.98596E-05 9.98596E-05 9.98596E-05 9.98596E-05 9.98596E-05 9.98596E-05 9.98596E-05 0.339021 9.98596E-05 9.98596E-05
9.98242E-05 9.98242E-05 9.98242E-05 9.98242E-05 9.98242E-05 9.98242E-05 9.98242E-05 9.98242E-05 9.98242E-05 9.98242E-05 9.98242E-05 9.98242E-05 0.998004 9.98242E-05 9.98242E-05 9.98242E-05 9.98242E-05 9.98242E-05 9.98242E-05 9.98242E-05 9.98242E-05
0.998004 9.98241E-05 9.98241E-05 9.98241E-05 9.98241E-05 9.98241E-05 9.98241E-05 9.98241E-05 9.98241E-05 9.98241E-05 9.98241E-05 9.98241E-05 9.98241E-05 9.98241E-05 9.98241E-05 9.98241E-05 9.98241E-05 9.98241E-05 9.98241E-05 9.98241E-05 9.98241E-05
9.98243E-05 9.98243E-05 9.98243E-05 9.98243E-05 9.98243E-05 9.98243E-05 9.98243E-05 9.98243E-05 9.98243E-05 9.98243E-05 9.98243E-05 9.98243E-05 0.998004 9.98243E-05 9.98243E-05 9.98243E-05 9.98243E-05 9.98243E-05 9.98243E-05 9.98243E-05 9.98243E-05
0.998004 9.98242E-05 9.98242E-05 9.98242E-05 9.98242E-05 9.98242E-05 9.98242E-05 9.98242E-05 9.98242E-05 9.98242E-05 9.98242E-05 9.98242E-05 9.98242E-05 9.98242E-05 9.98242E-05 9.98242E-05 9.98242E-05 9.98242E-05 9.98242E-05 9.98242E-05 9.98242E-05
0.998004 9.98242E-05 9.98242E-05 9.98242E-05 9.98242E-05 9.98242E-05 9.98242E-05 9.98242E-05 9.98242E-05 9.98242E-05 9.98242E-05 9.98242E-05 9.98242E-05 9.98242E-05 9.98242E-05 9.98242E-05 9.98242E-05 9.98242E-05 9.98242E-05 9.98242E-05 9.98242E-05
0.998004 9.98242E-05 9.98242E-05 9.98242E-05 9.98242E-05 9.98242E-05 9.98242E-05 9.98242E-05 9.98242E-05 9.98242E-05 9.98242E-05 9.98242E-05 9.98242E-05 9.98242E-05 9.98242E-05 9.98242E-05 9.98242E-05 9.98242E-05 9.98242E-05 9.98242E-05 9.98242E-05
9.98242E-05 9.98242E-05 9.98242E-05 9.98242E-05 9.98242E-05 9.98242E-05 9.98242E-05 9.98242E-05 9.98242E-05 9.98242E-05 9.98242E-05 9.98242E-05 0.998004 9.98242E-05 9.98242E-05 9.98242E-05 9.98242E-05 9.98242E-05 9.98242E-05 9.98242E-05 9.98242E-05
0.998004 9.98243E-05 9.98243E-05 9.98243E-05 9.98243E-05 9.98243E-05 9.98243E-05 9.98243E-05 9.98243E-05 9.98243E-05 9.98243E-05 9.98243E-05 9.98243E-05 9.98243E-05 9.98243E-05 9.98243E-05 9.98243E-05 9.98243E-05 9.98243E-05 9.98243E-05 9.98243E-05
0.998004 9.98242E-05 9.98242E-05 9.98242E-05 9.98242E-05 9.98242E-05 9.98242E-05 9.98242E-05 9.98242E-05 9.98242E-05 9.98242E-05 9.98242E-05 9.98242E-05 9.98242E-05 9.98242E-05 9.98242E-05 9.98242E-05 9.98242E-05 9.98242E-05 9.98242E-05 9.98242E-05
9.98242E-05 9.98242E-05 9.98242E-05 9.98242E-05 9.98242E-05 9.98242E-05 9.98242E-05 9.98242E-05 9.98242E-05 9.98242E-05 9.98242E-05 9.98242E-05 0.998004 9.98242E-05 9.98242E-05 9.98242E-05 9.98242E-05 9.98242E-05 9.98242E-05 9.98242E-05 9.98242E-05
9.98243E-05 9.98243E-05 9.98243E-05 9.98243E-05 9.98243E-05 9.98243E-05 9.98243E-05 9.98243E-05 9.98243E-05 9.98243E-05 9.98243E-05 9.98243E-05 0.998004 9.98243E-05 9.98243E-05 9.98243E-05 9.98243E-05 9.98243E-05 9.98243E-05 9.98243E-05 9.98243E-05
9.98242E-05 9.98242E-05 9.98242E-05 9.98242E-05 9.98242E-05 9.98242E-05 9.98242E-05 9.98242E-05 9.98242E-05 9.98242E-05 9.98242E-05 9.98242E-05 0.998004 9.98242E-05 9.98242E-05 9.98242E-05 9.98242E-05 9.98242E-05 9.98242E-05 9.98242E-05 9.98242E-05
0.998004 9.98243E-05 9.98243E-05 9.98243E-05 9.98243E-05 9.98243E-05 9.98243E-05 9.98243E-05 9.98243E-05 9.98243E-05 9.98243E-05 9.98243E-05 9.98243E-05 9.98243E-05 9.98243E-05 9.98243E-05 9.98243E-05 9.98243E-05 9.98243E-05 9.98243E-05 9.98243E-05
0.998004 9.98242E-05 9.98242E-05 9.98242E-05 9.98242E-05 9.98242E-05 9.98242E-05 9.98242E-05 9.98242E-05 9.98242E-05 9.98242E-05 9.98242E-05 9.98242E-05 9.98242E-05 9.98242E-05 9.98242E-05 9.98242E-05 9.98242E-05 9.98242E-05 9.98242E-05 9.98242E-05
9.98242E-05 9.98242E-05 9.98242E-05 9.98242E-05 9.98242E-05 9.98242E-05 9.98242E-05 9.98242E-05 9.98242E-05 9.98242E-05 9.98242E-05 9.98242E-05 0.998004 9.98242E-05 9.98242E-05 9.98242E-05 9.98242E-05 9.98242E-05 9.98242E-05 9.98242E-05 9.98242E-05
9.98242E-05 9.98242E-05 9.98242E-05 9.98242E-05 9.98242E-05 9.98242E-05 9.98242E-05 9.98242E-05 9.98242E-05 9.98242E-05 9.98242E-05 9.98242E-05 0.998004 9.98242E-05 9.98242E-05 9.98242E-05 9.98242E-05 9.98242E-05 9.98242E-05 9.98242E-05 9.98242E-05
0.0173762 9.98682E-05 0.666767 0.0323051 9.98682E-05 9.98682E-05 9.98682E-05 9.98682E-05 9.98682E-05 9.98682E-05 9.98682E-05 9.98682E-05 0.0835406 0.141398 9.98682E-05 9.98682E-05 9.98682E-05 0.0571157 9.98682E-05 9.98682E-05 9.98682E-05
9.98243E-05 9.98243E-05 9.98243E-05 9.98243E-05 9.98243E-05 9.98243E-05 9.98243E-05 9.98243E-05 9.98243E-05 9.98243E-05 9.98243E-05 9.98243E-05 0.998004 9.98243E-05 9.98243E-05 9.98243E-05 9.98243E-05 9.98243E-05 9.98243E-05 9.98243E-05 9.98243E-05
0.998004 9.98242E-05 9.98242E-05 9.98242E-05 9.98242E-05 9.98242E-05 9.98242E-05 9.98242E-05 9.98242E-05 9.98242E-05 9.98242E-05 9.98242E-05 9.98242E-05 9.98242E-05 9.98242E-05 9.98242E-05 9.98242E-05 9.98242E-05 9.98242E-05 9.98242E-05 9.98242E-05
